85 REFRESH 0 0 1 2090 1971
192 ROWACT 0 0 1 2090 1971
202 READ 0 0 1 2090 1971
297 ROWACT 1 0 2 983 1916
307 READ 1 0 2 983 1916
313 ROWACT 2 2 2 2534 13
325 READ 2 2 2 2534 13
365 ROWACT 3 3 3 8191 2047
375 READ 3 3 3 8191 2047
403 ROWACT 4 2 0 3407 109
413 READ 4 2 0 3407 109
462 READ 5 3 3 8191 2047
582 READ 6 3 3 8191 2047
610 WRITE 7 3 3 8191 2047
630 READ 8 3 3 8191 2047
693 READ 9 3 3 8191 2047
709 READ 10 3 3 8191 2047
757 READ 11 3 3 8191 2047
765 ROWACT 12 3 2 2687 1336
785 WRITE 12 3 2 2687 1336
789 ROWACT 13 0 0 477 1145
799 READ 13 0 0 477 1145
823 READ 14 3 3 8191 2047
926 READ 15 3 3 8191 2047
1096 READ 16 3 3 8191 2047
1209 ROWACT 17 1 3 3990 1951
1219 READ 17 1 3 3990 1951
1237 READ 18 3 3 8191 2047
1304 WRITE 19 3 3 8191 2047
1324 READ 20 3 3 8191 2047
1352 READ 21 3 3 8191 2047
1386 READ 23 3 3 8191 2047
1382 ROWACT 22 3 0 3670 1125
1414 WRITE 22 3 0 3670 1125
1430 WRITE 24 3 3 8191 2047
1561 BANKCONFLICT 25 3 0 2455 1483
1573 READ 26 3 3 8191 2047
1563 PRECHARGE 25 3 0 2455 1483
1567 ROWACT 25 3 0 2455 1483
1589 READ 25 3 0 2455 1483
1605 READ 27 3 3 8191 2047
1658 BANKCONFLICT 28 2 2 3154 953
1698 BANKCONFLICT 29 0 2 2808 746
1660 PRECHARGE 28 2 2 3154 953
1664 ROWACT 28 2 2 3154 953
1674 READ 28 2 2 3154 953
1700 PRECHARGE 29 0 2 2808 746
1704 ROWACT 29 0 2 2808 746
1714 WRITE 29 0 2 2808 746
1756 BANKCONFLICT 32 2 3 499 308
1730 WRITE 30 3 3 8191 2047
1756 ROWACT 31 2 3 2167 1289
1766 READ 31 2 3 2167 1289
1806 BANKCONFLICT 33 3 3 6611 1223
1790 PRECHARGE 32 2 3 499 308
1794 ROWACT 32 2 3 499 308
1804 READ 32 2 3 499 308
1852 BANKCONFLICT 34 3 3 8191 2047
1808 PRECHARGE 33 3 3 6611 1223
1812 ROWACT 33 3 3 6611 1223
1822 READ 33 3 3 6611 1223
1874 BANKCONFLICT 35 2 3 6722 211
1878 BANKCONFLICT 36 0 2 7243 366
1854 PRECHARGE 34 3 3 8191 2047
1858 ROWACT 34 3 3 8191 2047
1868 READ 34 3 3 8191 2047
1876 PRECHARGE 35 2 3 6722 211
1880 ROWACT 35 2 3 6722 211
1890 READ 35 2 3 6722 211
1882 PRECHARGE 36 0 2 7243 366
1886 ROWACT 36 0 2 7243 366
1908 READ 36 0 2 7243 366
2101 BANKCONFLICT 37 2 3 6169 93
2103 PRECHARGE 37 2 3 6169 93
2107 ROWACT 37 2 3 6169 93
2117 READ 37 2 3 6169 93
2155 BANKCONFLICT 40 1 3 7732 1936
2109 ROWACT 38 3 1 5175 427
2135 READ 38 3 1 5175 427
2151 READ 39 3 3 8191 2047
2157 PRECHARGE 40 1 3 7732 1936
2161 ROWACT 40 1 3 7732 1936
2179 WRITE 40 1 3 7732 1936
2193 READ 42 3 3 8191 2047
2221 WRITE 41 3 3 8191 2047
2237 WRITE 43 3 3 8191 2047
2253 WRITE 44 3 3 8191 2047
2314 READ 45 3 3 8191 2047
2356 BANKCONFLICT 46 2 0 2736 1352
2358 PRECHARGE 46 2 0 2736 1352
2362 ROWACT 46 2 0 2736 1352
2372 WRITE 46 2 0 2736 1352
2433 READ 47 3 3 8191 2047
2449 READ 48 3 3 8191 2047
2521 BANKCONFLICT 51 1 3 6086 741
2489 ROWACT 49 1 2 283 1013
2499 READ 49 1 2 283 1013
2527 WRITE 50 3 3 8191 2047
2523 PRECHARGE 51 1 3 6086 741
2529 ROWACT 51 1 3 6086 741
2539 READ 51 1 3 6086 741
2607 BANKCONFLICT 52 0 1 5980 533
2609 BANKCONFLICT 53 2 2 6615 1201
2609 PRECHARGE 52 0 1 5980 533
2613 ROWACT 52 0 1 5980 533
2623 READ 52 0 1 5980 533
2641 READ 54 3 3 8191 2047
2611 PRECHARGE 53 2 2 6615 1201
2615 ROWACT 53 2 2 6615 1201
2669 WRITE 53 2 2 6615 1201
2708 BANKCONFLICT 55 1 2 7281 1881
2712 WRITE 56 3 3 8191 2047
2710 PRECHARGE 55 1 2 7281 1881
2714 ROWACT 55 1 2 7281 1881
2724 READ 55 1 2 7281 1881
2774 BANKCONFLICT 58 2 2 6991 29
2742 READ 57 3 3 8191 2047
2810 BANKCONFLICT 59 0 0 7728 1831
2776 PRECHARGE 58 2 2 6991 29
2780 ROWACT 58 2 2 6991 29
2790 WRITE 58 2 2 6991 29
2812 PRECHARGE 59 0 0 7728 1831
2816 ROWACT 59 0 0 7728 1831
2826 READ 59 0 0 7728 1831
2899 BANKCONFLICT 61 0 1 2344 1234
2875 READ 60 3 3 8191 2047
2911 READ 62 3 3 8191 2047
2961 BANKCONFLICT 64 3 3 3184 1524
2961 BANKCONFLICT 64 3 3 3184 1524
2901 PRECHARGE 61 0 1 2344 1234
2905 ROWACT 61 0 1 2344 1234
2929 READ 61 0 1 2344 1234
2947 READ 63 3 3 8191 2047
3011 BANKCONFLICT 65 3 3 8191 2047
2971 PRECHARGE 64 3 3 3184 1524
2975 ROWACT 64 3 3 3184 1524
2985 READ 64 3 3 3184 1524
3031 BANKCONFLICT 66 1 2 2189 1727
3013 PRECHARGE 65 3 3 8191 2047
3017 ROWACT 65 3 3 8191 2047
3027 WRITE 65 3 3 8191 2047
3033 PRECHARGE 66 1 2 2189 1727
3037 ROWACT 66 1 2 2189 1727
3047 WRITE 66 1 2 2189 1727
3137 BANKCONFLICT 68 2 2 8108 993
3125 READ 67 3 3 8191 2047
3139 PRECHARGE 68 2 2 8108 993
3143 ROWACT 68 2 2 8108 993
3153 WRITE 68 2 2 8108 993
3161 READ 69 3 3 8191 2047
3212 WRITE 70 3 3 8191 2047
3234 READ 71 3 3 8191 2047
3250 READ 72 3 3 8191 2047
3320 ROWACT 73 1 0 890 1458
3330 WRITE 73 1 0 890 1458
3338 READ 74 3 3 8191 2047
3354 READ 75 3 3 8191 2047
3382 ROWACT 76 1 1 7982 845
3392 READ 76 1 1 7982 845
3386 ROWACT 77 0 3 7352 664
3410 READ 77 0 3 7352 664
3452 BANKCONFLICT 79 1 0 2043 30
3428 READ 78 3 3 8191 2047
3470 BANKCONFLICT 80 3 2 1095 1431
3454 PRECHARGE 79 1 0 2043 30
3458 ROWACT 79 1 0 2043 30
3468 READ 79 1 0 2043 30
3472 PRECHARGE 80 3 2 1095 1431
3476 ROWACT 80 3 2 1095 1431
3486 READ 80 3 2 1095 1431
3611 WRITE 81 3 3 8191 2047
3643 BANKCONFLICT 82 1 2 7764 2003
3653 READ 83 3 3 8191 2047
3645 PRECHARGE 82 1 2 7764 2003
3649 ROWACT 82 1 2 7764 2003
3671 READ 82 1 2 7764 2003
3709 BANKCONFLICT 85 3 0 2804 1548
3721 BANKCONFLICT 86 0 3 4310 377
3699 WRITE 84 3 3 8191 2047
3727 BANKCONFLICT 87 1 0 2096 1820
3711 PRECHARGE 85 3 0 2804 1548
3715 ROWACT 85 3 0 2804 1548
3725 READ 85 3 0 2804 1548
3723 PRECHARGE 86 0 3 4310 377
3727 ROWACT 86 0 3 4310 377
3743 READ 86 0 3 4310 377
3793 BANKCONFLICT 89 0 1 2792 1381
3761 READ 88 3 3 8191 2047
3797 BANKCONFLICT 90 2 2 6821 972
3729 PRECHARGE 87 1 0 2096 1820
3733 ROWACT 87 1 0 2096 1820
3789 WRITE 87 1 0 2096 1820
3795 PRECHARGE 89 0 1 2792 1381
3799 ROWACT 89 0 1 2792 1381
3809 READ 89 0 1 2792 1381
3849 BANKCONFLICT 92 1 2 6711 417
3801 PRECHARGE 90 2 2 6821 972
3805 ROWACT 90 2 2 6821 972
3827 READ 90 2 2 6821 972
3845 READ 91 3 3 8191 2047
3851 PRECHARGE 92 1 2 6711 417
3855 ROWACT 92 1 2 6711 417
3865 READ 92 1 2 6711 417
3907 BANKCONFLICT 93 0 0 5804 157
3939 BANKCONFLICT 94 1 2 3822 601
3909 PRECHARGE 93 0 0 5804 157
3913 ROWACT 93 0 0 5804 157
3923 READ 93 0 0 5804 157
3961 BANKCONFLICT 96 3 0 1491 786
3949 READ 95 3 3 8191 2047
3941 PRECHARGE 94 1 2 3822 601
3945 ROWACT 94 1 2 3822 601
3967 READ 94 1 2 3822 601
3963 PRECHARGE 96 3 0 1491 786
3969 ROWACT 96 3 0 1491 786
3985 READ 96 3 0 1491 786
4015 READ 97 3 3 8191 2047
4090 BANKCONFLICT 98 3 2 119 1511
4092 PRECHARGE 98 3 2 119 1511
4096 ROWACT 98 3 2 119 1511
4106 WRITE 98 3 2 119 1511
4126 READ 99 3 3 8191 2047
4180 BANKCONFLICT 100 3 3 8007 375
4186 BANKCONFLICT 101 1 3 3589 376
4218 BANKCONFLICT 102 3 3 8191 2047
4230 BANKCONFLICT 103 2 0 1811 1021
4182 PRECHARGE 100 3 3 8007 375
4186 ROWACT 100 3 3 8007 375
4196 READ 100 3 3 8007 375
4188 PRECHARGE 101 1 3 3589 376
4192 ROWACT 101 1 3 3589 376
4224 WRITE 101 1 3 3589 376
4260 BANKCONFLICT 105 3 2 346 1370
4220 PRECHARGE 102 3 3 8191 2047
4226 ROWACT 102 3 3 8191 2047
4236 READ 102 3 3 8191 2047
4232 PRECHARGE 103 2 0 1811 1021
4238 ROWACT 103 2 0 1811 1021
4254 READ 103 2 0 1811 1021
4272 READ 104 3 3 8191 2047
4312 BANKCONFLICT 107 3 3 4818 1885
4312 BANKCONFLICT 107 3 3 4818 1885
4262 PRECHARGE 105 3 2 346 1370
4266 ROWACT 105 3 2 346 1370
4288 READ 105 3 2 346 1370
4304 READ 106 3 3 8191 2047
4372 BANKCONFLICT 108 3 3 8191 2047
4328 PRECHARGE 107 3 3 4818 1885
4332 ROWACT 107 3 3 4818 1885
4342 READ 107 3 3 4818 1885
4414 BANKCONFLICT 109 0 0 5136 640
4374 PRECHARGE 108 3 3 8191 2047
4378 ROWACT 108 3 3 8191 2047
4388 READ 108 3 3 8191 2047
4428 BANKCONFLICT 110 2 0 6602 647
4448 BANKCONFLICT 111 0 1 5233 953
4450 BANKCONFLICT 112 1 3 6518 966
4416 PRECHARGE 109 0 0 5136 640
4420 ROWACT 109 0 0 5136 640
4430 WRITE 109 0 0 5136 640
4432 PRECHARGE 110 2 0 6602 647
4436 ROWACT 110 2 0 6602 647
4446 READ 110 2 0 6602 647
4450 PRECHARGE 111 0 1 5233 953
4454 ROWACT 111 0 1 5233 953
4464 READ 111 0 1 5233 953
4452 PRECHARGE 112 1 3 6518 966
4456 ROWACT 112 1 3 6518 966
4482 READ 112 1 3 6518 966
4500 READ 113 3 3 8191 2047
4530 READ 114 3 3 8191 2047
4546 READ 115 3 3 8191 2047
4562 READ 116 3 3 8191 2047
4726 BANKCONFLICT 118 3 3 112 1287
4726 BANKCONFLICT 118 3 3 112 1287
4726 READ 117 3 3 8191 2047
4778 BANKCONFLICT 119 3 3 8191 2047
4750 PRECHARGE 118 3 3 112 1287
4754 ROWACT 118 3 3 112 1287
4764 WRITE 118 3 3 112 1287
4782 PRECHARGE 119 3 3 8191 2047
4786 ROWACT 119 3 3 8191 2047
4796 WRITE 119 3 3 8191 2047
4837 BANKCONFLICT 120 1 3 2799 1961
4839 PRECHARGE 120 1 3 2799 1961
4843 ROWACT 120 1 3 2799 1961
4853 READ 120 1 3 2799 1961
4895 BANKCONFLICT 121 1 3 2809 1422
4897 PRECHARGE 121 1 3 2809 1422
4901 ROWACT 121 1 3 2809 1422
4911 WRITE 121 1 3 2809 1422
5014 BANKCONFLICT 122 0 2 6159 778
5016 PRECHARGE 122 0 2 6159 778
5020 ROWACT 122 0 2 6159 778
5030 READ 122 0 2 6159 778
5094 READ 123 3 3 8191 2047
5147 READ 124 3 3 8191 2047
5171 READ 125 3 3 8191 2047
5205 READ 126 3 3 8191 2047
5249 READ 127 3 3 8191 2047
5362 BANKCONFLICT 128 1 2 3636 837
5364 PRECHARGE 128 1 2 3636 837
5368 ROWACT 128 1 2 3636 837
5378 READ 128 1 2 3636 837
5444 READ 129 3 3 8191 2047
5460 READ 130 3 3 8191 2047
5476 READ 131 3 3 8191 2047
5537 BANKCONFLICT 132 1 1 7345 1832
5539 PRECHARGE 132 1 1 7345 1832
5543 ROWACT 132 1 1 7345 1832
5553 READ 132 1 1 7345 1832
5618 READ 133 3 3 8191 2047
5658 WRITE 134 3 3 8191 2047
5700 BANKCONFLICT 136 2 2 2787 255
5684 ROWACT 135 2 1 6837 1521
5694 READ 135 2 1 6837 1521
5712 READ 137 3 3 8191 2047
5702 PRECHARGE 136 2 2 2787 255
5706 ROWACT 136 2 2 2787 255
5730 READ 136 2 2 2787 255
5748 READ 138 3 3 8191 2047
5792 BANKCONFLICT 139 2 3 1056 1743
5802 READ 140 3 3 8191 2047
5794 PRECHARGE 139 2 3 1056 1743
5798 ROWACT 139 2 3 1056 1743
5820 READ 139 2 3 1056 1743
5867 BANKCONFLICT 141 1 0 3010 1682
5871 BANKCONFLICT 142 2 1 1735 811
5869 PRECHARGE 141 1 0 3010 1682
5873 ROWACT 141 1 0 3010 1682
5883 READ 141 1 0 3010 1682
5875 PRECHARGE 142 2 1 1735 811
5879 ROWACT 142 2 1 1735 811
5901 READ 142 2 1 1735 811
5951 BANKCONFLICT 145 2 2 7787 575
5919 READ 143 3 3 8191 2047
5947 WRITE 144 3 3 8191 2047
5953 PRECHARGE 145 2 2 7787 575
5957 ROWACT 145 2 2 7787 575
5967 READ 145 2 2 7787 575
5985 READ 146 3 3 8191 2047
6025 BANKCONFLICT 147 0 2 7152 1402
6031 BANKCONFLICT 148 1 0 7491 176
6027 PRECHARGE 147 0 2 7152 1402
6031 ROWACT 147 0 2 7152 1402
6041 READ 147 0 2 7152 1402
6083 BANKCONFLICT 150 2 1 7093 1121
6033 PRECHARGE 148 1 0 7491 176
6037 ROWACT 148 1 0 7491 176
6059 READ 148 1 0 7491 176
6087 WRITE 149 3 3 8191 2047
6085 PRECHARGE 150 2 1 7093 1121
6089 ROWACT 150 2 1 7093 1121
6103 WRITE 150 2 1 7093 1121
6121 READ 151 3 3 8191 2047
6240 READ 152 3 3 8191 2047
6286 BANKCONFLICT 155 3 0 880 1336
6256 READ 153 3 3 8191 2047
6284 WRITE 154 3 3 8191 2047
6334 BANKCONFLICT 156 0 0 6051 851
6288 PRECHARGE 155 3 0 880 1336
6292 ROWACT 155 3 0 880 1336
6304 READ 155 3 0 880 1336
6336 PRECHARGE 156 0 0 6051 851
6340 ROWACT 156 0 0 6051 851
6350 WRITE 156 0 0 6051 851
6382 BANKCONFLICT 157 1 3 7745 1435
6398 BANKCONFLICT 158 3 3 7395 1987
6384 PRECHARGE 157 1 3 7745 1435
6388 ROWACT 157 1 3 7745 1435
6398 WRITE 157 1 3 7745 1435
6400 PRECHARGE 158 3 3 7395 1987
6404 ROWACT 158 3 3 7395 1987
6414 READ 158 3 3 7395 1987
6458 BANKCONFLICT 159 3 3 8191 2047
6480 BANKCONFLICT 161 3 2 5819 750
6460 PRECHARGE 159 3 3 8191 2047
6464 ROWACT 159 3 3 8191 2047
6474 READ 159 3 3 8191 2047
6502 WRITE 160 3 3 8191 2047
6482 PRECHARGE 161 3 2 5819 750
6486 ROWACT 161 3 2 5819 750
6518 WRITE 161 3 2 5819 750
6548 BANKCONFLICT 163 1 3 700 1570
6538 WRITE 162 3 3 8191 2047
6550 PRECHARGE 163 1 3 700 1570
6554 ROWACT 163 1 3 700 1570
6564 READ 163 1 3 700 1570
6588 READ 164 3 3 8191 2047
6647 BANKCONFLICT 165 0 3 8101 1489
6649 PRECHARGE 165 0 3 8101 1489
6653 ROWACT 165 0 3 8101 1489
6663 WRITE 165 0 3 8101 1489
6743 WRITE 166 3 3 8191 2047
6817 BANKCONFLICT 167 2 1 4249 1882
6831 WRITE 168 3 3 8191 2047
6819 PRECHARGE 167 2 1 4249 1882
6823 ROWACT 167 2 1 4249 1882
6847 WRITE 167 2 1 4249 1882
6855 READ 169 3 3 8191 2047
6885 READ 170 3 3 8191 2047
6915 READ 171 3 3 8191 2047
6992 READ 172 3 3 8191 2047
7056 BANKCONFLICT 173 2 3 4738 1976
7072 BANKCONFLICT 174 2 1 4868 1776
7100 BANKCONFLICT 175 3 2 793 1591
7058 PRECHARGE 173 2 3 4738 1976
7062 ROWACT 173 2 3 4738 1976
7072 READ 173 2 3 4738 1976
7116 BANKCONFLICT 176 3 1 2585 447
7074 PRECHARGE 174 2 1 4868 1776
7078 ROWACT 174 2 1 4868 1776
7100 WRITE 174 2 1 4868 1776
7102 PRECHARGE 175 3 2 793 1591
7106 ROWACT 175 3 2 793 1591
7116 READ 175 3 2 793 1591
7164 BANKCONFLICT 178 0 2 5385 1543
7118 PRECHARGE 176 3 1 2585 447
7122 ROWACT 176 3 1 2585 447
7132 READ 176 3 1 2585 447
7148 READ 177 3 3 8191 2047
7178 WRITE 179 3 3 8191 2047
7166 PRECHARGE 178 0 2 5385 1543
7170 ROWACT 178 0 2 5385 1543
7186 READ 178 0 2 5385 1543
7214 WRITE 180 3 3 8191 2047
7276 READ 181 3 3 8191 2047
7358 BANKCONFLICT 182 0 0 3999 1812
7360 PRECHARGE 182 0 0 3999 1812
7364 ROWACT 182 0 0 3999 1812
7374 READ 182 0 0 3999 1812
7505 BANKCONFLICT 183 0 3 289 585
7507 PRECHARGE 183 0 3 289 585
7511 ROWACT 183 0 3 289 585
7521 READ 183 0 3 289 585
7539 READ 184 3 3 8191 2047
7594 BANKCONFLICT 185 1 2 2339 1078
7634 BANKCONFLICT 186 2 3 4679 607
7596 PRECHARGE 185 1 2 2339 1078
7600 ROWACT 185 1 2 2339 1078
7610 READ 185 1 2 2339 1078
7650 BANKCONFLICT 187 0 3 2113 261
7652 BANKCONFLICT 188 0 0 407 1117
7636 PRECHARGE 186 2 3 4679 607
7640 ROWACT 186 2 3 4679 607
7650 READ 186 2 3 4679 607
7654 PRECHARGE 188 0 0 407 1117
7658 ROWACT 188 0 0 407 1117
7668 READ 188 0 0 407 1117
7686 READ 189 3 3 8191 2047
7652 PRECHARGE 187 0 3 2113 261
7656 ROWACT 187 0 3 2113 261
7714 WRITE 187 0 3 2113 261
7782 BANKCONFLICT 191 1 3 7036 1395
7784 BANKCONFLICT 192 0 0 7146 1991
7778 READ 190 3 3 8191 2047
7832 BANKCONFLICT 193 3 2 7072 1484
7784 PRECHARGE 191 1 3 7036 1395
7788 ROWACT 191 1 3 7036 1395
7798 READ 191 1 3 7036 1395
7786 PRECHARGE 192 0 0 7146 1991
7790 ROWACT 192 0 0 7146 1991
7816 READ 192 0 0 7146 1991
7874 BANKCONFLICT 194 3 3 7948 1093
7834 PRECHARGE 193 3 2 7072 1484
7838 ROWACT 193 3 2 7072 1484
7848 READ 193 3 2 7072 1484
7876 PRECHARGE 194 3 3 7948 1093
7880 ROWACT 194 3 3 7948 1093
7890 READ 194 3 3 7948 1093
7946 BANKCONFLICT 195 3 3 8191 2047
7970 BANKCONFLICT 197 1 1 711 1392
7948 PRECHARGE 195 3 3 8191 2047
7952 ROWACT 195 3 3 8191 2047
7962 READ 195 3 3 8191 2047
7978 READ 196 3 3 8191 2047
8032 BANKCONFLICT 198 0 1 7653 564
7972 PRECHARGE 197 1 1 711 1392
7976 ROWACT 197 1 1 711 1392
8006 WRITE 197 1 1 711 1392
8036 READ 199 3 3 8191 2047
8034 PRECHARGE 198 0 1 7653 564
8038 ROWACT 198 0 1 7653 564
8054 READ 198 0 1 7653 564
8072 READ 200 3 3 8191 2047
8092 READ 201 3 3 8191 2047
8142 READ 202 3 3 8191 2047
8186 WRITE 203 3 3 8191 2047
8226 BANKCONFLICT 205 1 2 3190 1817
8202 WRITE 204 3 3 8191 2047
8240 BANKCONFLICT 206 3 2 6454 932
8228 PRECHARGE 205 1 2 3190 1817
8232 ROWACT 205 1 2 3190 1817
8242 READ 205 1 2 3190 1817
8244 PRECHARGE 206 3 2 6454 932
8248 ROWACT 206 3 2 6454 932
8270 WRITE 206 3 2 6454 932
8309 READ 207 3 3 8191 2047
8365 BANKCONFLICT 208 1 3 5828 775
8397 BANKCONFLICT 210 3 1 7379 299
8367 PRECHARGE 208 1 3 5828 775
8371 ROWACT 208 1 3 5828 775
8381 READ 208 1 3 5828 775
8423 BANKCONFLICT 212 2 0 2571 323
8399 READ 209 3 3 8191 2047
8437 BANKCONFLICT 213 2 0 452 1747
8401 PRECHARGE 210 3 1 7379 299
8405 ROWACT 210 3 1 7379 299
8427 WRITE 210 3 1 7379 299
8459 BANKCONFLICT 215 2 3 3765 759
8463 BANKCONFLICT 216 2 0 4799 1421
8463 BANKCONFLICT 216 2 0 4799 1421
8425 PRECHARGE 212 2 0 2571 323
8429 ROWACT 212 2 0 2571 323
8439 READ 212 2 0 2571 323
8483 BANKCONFLICT 218 1 1 4426 1921
8467 WRITE 211 3 3 8191 2047
8499 BANKCONFLICT 219 2 0 683 1211
8499 BANKCONFLICT 219 2 0 683 1211
8461 PRECHARGE 215 2 3 3765 759
8465 ROWACT 215 2 3 3765 759
8475 READ 215 2 3 3765 759
8463 PRECHARGE 213 2 0 452 1747
8469 ROWACT 213 2 0 452 1747
8491 READ 213 2 0 452 1747
8485 PRECHARGE 218 1 1 4426 1921
8489 ROWACT 218 1 1 4426 1921
8509 READ 218 1 1 4426 1921
8527 READ 220 3 3 8191 2047
8577 BANKCONFLICT 222 1 1 6737 539
8581 BANKCONFLICT 223 0 0 5105 638
8555 WRITE 214 3 3 8191 2047
8515 PRECHARGE 216 2 0 4799 1421
8519 ROWACT 216 2 0 4799 1421
8571 WRITE 216 2 0 4799 1421
8603 BANKCONFLICT 224 1 0 3460 34
8587 WRITE 217 3 3 8191 2047
8579 PRECHARGE 222 1 1 6737 539
8583 ROWACT 222 1 1 6737 539
8595 READ 222 1 1 6737 539
8641 BANKCONFLICT 225 0 1 8034 1878
8589 PRECHARGE 219 2 0 683 1211
8593 ROWACT 219 2 0 683 1211
8613 READ 219 2 0 683 1211
8585 PRECHARGE 223 0 0 5105 638
8591 ROWACT 223 0 0 5105 638
8631 READ 223 0 0 5105 638
8605 PRECHARGE 224 1 0 3460 34
8609 ROWACT 224 1 0 3460 34
8649 READ 224 1 0 3460 34
8643 PRECHARGE 225 0 1 8034 1878
8647 ROWACT 225 0 1 8034 1878
8667 READ 225 0 1 8034 1878
8703 BANKCONFLICT 227 1 0 2668 678
8695 WRITE 221 3 3 8191 2047
8741 BANKCONFLICT 228 1 1 5557 195
8715 READ 226 3 3 8191 2047
8705 PRECHARGE 227 1 0 2668 678
8709 ROWACT 227 1 0 2668 678
8733 READ 227 1 0 2668 678
8753 READ 229 3 3 8191 2047
8743 PRECHARGE 228 1 1 5557 195
8747 ROWACT 228 1 1 5557 195
8771 READ 228 1 1 5557 195
8818 BANKCONFLICT 230 2 1 2079 1174
8840 BANKCONFLICT 231 3 0 8181 212
8820 PRECHARGE 230 2 1 2079 1174
8824 ROWACT 230 2 1 2079 1174
8834 READ 230 2 1 2079 1174
8842 PRECHARGE 231 3 0 8181 212
8846 ROWACT 231 3 0 8181 212
8856 READ 231 3 0 8181 212
8902 BANKCONFLICT 232 3 0 6508 1566
8906 BANKCONFLICT 233 3 0 4650 1809
8914 READ 234 3 3 8191 2047
8904 PRECHARGE 232 3 0 6508 1566
8908 ROWACT 232 3 0 6508 1566
8930 READ 232 3 0 6508 1566
8954 PRECHARGE 233 3 0 4650 1809
8958 ROWACT 233 3 0 4650 1809
8968 READ 233 3 0 4650 1809
9047 BANKCONFLICT 235 3 1 4258 560
9049 PRECHARGE 235 3 1 4258 560
9053 ROWACT 235 3 1 4258 560
9063 WRITE 235 3 1 4258 560
9083 READ 236 3 3 8191 2047
9099 READ 237 3 3 8191 2047
9137 BANKCONFLICT 238 1 0 719 1909
9187 BANKCONFLICT 240 1 1 8134 1663
9139 PRECHARGE 238 1 0 719 1909
9143 ROWACT 238 1 0 719 1909
9153 READ 238 1 0 719 1909
9183 READ 239 3 3 8191 2047
9189 PRECHARGE 240 1 1 8134 1663
9193 ROWACT 240 1 1 8134 1663
9203 READ 240 1 1 8134 1663
9239 READ 241 3 3 8191 2047
9380 BANKCONFLICT 244 2 2 7349 540
9372 READ 242 3 3 8191 2047
9388 READ 243 3 3 8191 2047
9382 PRECHARGE 244 2 2 7349 540
9386 ROWACT 244 2 2 7349 540
9406 READ 244 2 2 7349 540
9424 READ 245 3 3 8191 2047
9468 BANKCONFLICT 247 1 1 1416 1774
9474 BANKCONFLICT 248 1 1 2262 205
9496 BANKCONFLICT 249 0 3 1133 1739
9498 BANKCONFLICT 250 3 0 8124 112
9466 READ 246 3 3 8191 2047
9470 PRECHARGE 247 1 1 1416 1774
9474 ROWACT 247 1 1 1416 1774
9494 WRITE 247 1 1 1416 1774
9498 PRECHARGE 249 0 3 1133 1739
9502 ROWACT 249 0 3 1133 1739
9514 READ 249 0 3 1133 1739
9512 PRECHARGE 248 1 1 2262 205
9516 ROWACT 248 1 1 2262 205
9532 READ 248 1 1 2262 205
9550 READ 251 3 3 8191 2047
9500 PRECHARGE 250 3 0 8124 112
9504 ROWACT 250 3 0 8124 112
9578 WRITE 250 3 0 8124 112
9636 BANKCONFLICT 252 3 1 7601 991
9638 PRECHARGE 252 3 1 7601 991
9642 ROWACT 252 3 1 7601 991
9652 READ 252 3 1 7601 991
9729 BANKCONFLICT 254 3 0 7616 38
9701 READ 253 3 3 8191 2047
9745 BANKCONFLICT 255 0 0 2494 514
9731 PRECHARGE 254 3 0 7616 38
9735 ROWACT 254 3 0 7616 38
9745 READ 254 3 0 7616 38
9747 PRECHARGE 255 0 0 2494 514
9751 ROWACT 255 0 0 2494 514
9763 READ 255 0 0 2494 514
9799 BANKCONFLICT 256 2 3 4009 682
9803 READ 257 3 3 8191 2047
9819 READ 258 3 3 8191 2047
9801 PRECHARGE 256 2 3 4009 682
9805 ROWACT 256 2 3 4009 682
9847 WRITE 256 2 3 4009 682
9887 BANKCONFLICT 260 2 3 7933 855
9863 WRITE 259 3 3 8191 2047
9889 PRECHARGE 260 2 3 7933 855
9893 ROWACT 260 2 3 7933 855
9903 READ 260 2 3 7933 855
9921 READ 261 3 3 8191 2047
9965 BANKCONFLICT 263 2 1 1314 102
9989 BANKCONFLICT 264 1 2 5857 1510
9959 READ 262 3 3 8191 2047
9967 PRECHARGE 263 2 1 1314 102
9971 ROWACT 263 2 1 1314 102
9981 READ 263 2 1 1314 102
9991 PRECHARGE 264 1 2 5857 1510
9995 ROWACT 264 1 2 5857 1510
10005 READ 264 1 2 5857 1510
10063 ROWACT 265 0 3 4774 1564
10073 WRITE 265 0 3 4774 1564
10095 ROWACT 266 1 2 2817 1588
10105 READ 266 1 2 2817 1588
10119 ROWACT 267 3 1 6014 2043
10129 READ 267 3 1 6014 2043
10175 BANKCONFLICT 270 0 3 8017 865
10133 ROWACT 268 2 1 186 452
10147 READ 268 2 1 186 452
10163 ROWACT 269 3 3 8191 2047
10173 READ 269 3 3 8191 2047
10177 PRECHARGE 270 0 3 8017 865
10181 ROWACT 270 0 3 8017 865
10191 READ 270 0 3 8017 865
10209 READ 272 3 3 8191 2047
10225 READ 273 3 3 8191 2047
10253 WRITE 271 3 3 8191 2047
10273 READ 274 3 3 8191 2047
10301 WRITE 275 3 3 8191 2047
10321 READ 276 3 3 8191 2047
10418 BANKCONFLICT 278 0 1 2539 1076
10380 ROWACT 277 0 1 5338 11
10390 READ 277 0 1 5338 11
10422 READ 279 3 3 8191 2047
10420 PRECHARGE 278 0 1 2539 1076
10424 ROWACT 278 0 1 2539 1076
10440 READ 278 0 1 2539 1076
10468 WRITE 280 3 3 8191 2047
10502 ROWACT 281 0 2 619 678
10512 READ 281 0 2 619 678
10576 ROWACT 282 2 2 3774 114
10586 READ 282 2 2 3774 114
10654 READ 283 3 3 8191 2047
10690 READ 284 3 3 8191 2047
10805 READ 285 3 3 8191 2047
10821 ROWACT 286 2 3 530 420
10831 READ 286 2 3 530 420
10861 READ 287 3 3 8191 2047
10877 READ 290 3 3 8191 2047
10873 ROWACT 288 1 3 5284 290
10905 WRITE 288 1 3 5284 290
10875 ROWACT 289 1 1 7724 1612
10921 WRITE 289 1 1 7724 1612
10986 BANKCONFLICT 291 1 3 4789 666
10990 READ 292 3 3 8191 2047
10988 PRECHARGE 291 1 3 4789 666
10992 ROWACT 291 1 3 4789 666
11018 WRITE 291 1 3 4789 666
11036 WRITE 293 3 3 8191 2047
11038 ROWACT 294 0 0 6309 591
11052 WRITE 294 0 0 6309 591
11060 READ 295 3 3 8191 2047
11076 READ 296 3 3 8191 2047
11110 ROWACT 297 1 0 5739 1193
11120 READ 297 1 0 5739 1193
11170 BANKCONFLICT 298 0 1 2813 1690
11178 READ 299 3 3 8191 2047
11172 PRECHARGE 298 0 1 2813 1690
11176 ROWACT 298 0 1 2813 1690
11196 READ 298 0 1 2813 1690
11267 BANKCONFLICT 301 0 2 5112 1150
11291 BANKCONFLICT 302 2 2 5628 1024
11263 READ 300 3 3 8191 2047
11313 BANKCONFLICT 303 0 0 2321 24
11269 PRECHARGE 301 0 2 5112 1150
11273 ROWACT 301 0 2 5112 1150
11283 READ 301 0 2 5112 1150
11321 BANKCONFLICT 304 3 3 7627 1334
11293 PRECHARGE 302 2 2 5628 1024
11297 ROWACT 302 2 2 5628 1024
11307 READ 302 2 2 5628 1024
11359 BANKCONFLICT 305 3 3 8191 2047
11315 PRECHARGE 303 0 0 2321 24
11319 ROWACT 303 0 0 2321 24
11335 WRITE 303 0 0 2321 24
11377 BANKCONFLICT 306 0 2 3212 1829
11323 PRECHARGE 304 3 3 7627 1334
11327 ROWACT 304 3 3 7627 1334
11343 READ 304 3 3 7627 1334
11381 BANKCONFLICT 307 2 2 3773 1302
11393 BANKCONFLICT 308 3 3 1337 982
11367 PRECHARGE 305 3 3 8191 2047
11371 ROWACT 305 3 3 8191 2047
11381 READ 305 3 3 8191 2047
11419 BANKCONFLICT 309 1 2 1913 84
11427 BANKCONFLICT 310 3 1 5113 2037
11431 BANKCONFLICT 311 0 3 359 1760
11379 PRECHARGE 306 0 2 3212 1829
11383 ROWACT 306 0 2 3212 1829
11399 READ 306 0 2 3212 1829
11385 PRECHARGE 307 2 2 3773 1302
11389 ROWACT 307 2 2 3773 1302
11417 READ 307 2 2 3773 1302
11405 PRECHARGE 308 3 3 1337 982
11409 ROWACT 308 3 3 1337 982
11435 READ 308 3 3 1337 982
11477 BANKCONFLICT 312 3 3 8191 2047
11429 PRECHARGE 310 3 1 5113 2037
11433 ROWACT 310 3 1 5113 2037
11451 READ 310 3 1 5113 2037
11421 PRECHARGE 309 1 2 1913 84
11425 ROWACT 309 1 2 1913 84
11469 READ 309 1 2 1913 84
11437 PRECHARGE 311 0 3 359 1760
11441 ROWACT 311 0 3 359 1760
11487 READ 311 0 3 359 1760
11479 PRECHARGE 312 3 3 8191 2047
11483 ROWACT 312 3 3 8191 2047
11505 READ 312 3 3 8191 2047
11563 BANKCONFLICT 313 2 3 3617 20
11569 BANKCONFLICT 314 0 1 3793 1825
11565 PRECHARGE 313 2 3 3617 20
11569 ROWACT 313 2 3 3617 20
11579 WRITE 313 2 3 3617 20
11621 BANKCONFLICT 315 0 3 2452 567
11571 PRECHARGE 314 0 1 3793 1825
11575 ROWACT 314 0 1 3793 1825
11587 READ 314 0 1 3793 1825
11633 READ 316 3 3 8191 2047
11623 PRECHARGE 315 0 3 2452 567
11627 ROWACT 315 0 3 2452 567
11651 READ 315 0 3 2452 567
11714 READ 317 3 3 8191 2047
11770 BANKCONFLICT 318 2 2 6780 1571
11772 PRECHARGE 318 2 2 6780 1571
11776 ROWACT 318 2 2 6780 1571
11786 READ 318 2 2 6780 1571
11864 BANKCONFLICT 320 1 1 1731 397
11830 READ 319 3 3 8191 2047
11866 PRECHARGE 320 1 1 1731 397
11870 ROWACT 320 1 1 1731 397
11880 READ 320 1 1 1731 397
11920 WRITE 321 3 3 8191 2047
11974 BANKCONFLICT 322 1 0 7611 1939
11978 BANKCONFLICT 323 2 2 7785 1224
11976 PRECHARGE 322 1 0 7611 1939
11980 ROWACT 322 1 0 7611 1939
11990 READ 322 1 0 7611 1939
11982 PRECHARGE 323 2 2 7785 1224
11986 ROWACT 323 2 2 7785 1224
12008 READ 323 2 2 7785 1224
12026 READ 324 3 3 8191 2047
12164 READ 325 3 3 8191 2047
12216 BANKCONFLICT 327 3 3 625 1561
12216 BANKCONFLICT 327 3 3 625 1561
12228 BANKCONFLICT 328 3 3 4313 1489
12228 BANKCONFLICT 328 3 3 4313 1489
12202 READ 326 3 3 8191 2047
12226 PRECHARGE 327 3 3 625 1561
12230 ROWACT 327 3 3 625 1561
12240 READ 327 3 3 625 1561
12280 BANKCONFLICT 329 1 1 6332 1180
12304 BANKCONFLICT 330 3 3 8191 2047
12264 PRECHARGE 328 3 3 4313 1489
12268 ROWACT 328 3 3 4313 1489
12278 READ 328 3 3 4313 1489
12282 PRECHARGE 329 1 1 6332 1180
12286 ROWACT 329 1 1 6332 1180
12296 READ 329 1 1 6332 1180
12306 PRECHARGE 330 3 3 8191 2047
12310 ROWACT 330 3 3 8191 2047
12320 READ 330 3 3 8191 2047
12336 READ 331 3 3 8191 2047
12364 WRITE 332 3 3 8191 2047
12400 READ 333 3 3 8191 2047
12416 READ 334 3 3 8191 2047
12432 READ 335 3 3 8191 2047
12553 BANKCONFLICT 336 0 1 6132 659
12555 PRECHARGE 336 0 1 6132 659
12559 ROWACT 336 0 1 6132 659
12569 WRITE 336 0 1 6132 659
12577 READ 337 3 3 8191 2047
12666 BANKCONFLICT 339 1 3 2388 1532
12664 READ 338 3 3 8191 2047
12668 PRECHARGE 339 1 3 2388 1532
12672 ROWACT 339 1 3 2388 1532
12682 READ 339 1 3 2388 1532
12742 BANKCONFLICT 340 2 3 7582 709
12744 PRECHARGE 340 2 3 7582 709
12748 ROWACT 340 2 3 7582 709
12758 READ 340 2 3 7582 709
12816 BANKCONFLICT 341 0 1 7937 329
12818 PRECHARGE 341 0 1 7937 329
12822 ROWACT 341 0 1 7937 329
12832 READ 341 0 1 7937 329
12850 READ 342 3 3 8191 2047
12878 WRITE 343 3 3 8191 2047
12918 BANKCONFLICT 345 2 1 6678 117
12912 ROWACT 344 2 0 6745 1356
12922 READ 344 2 0 6745 1356
12920 PRECHARGE 345 2 1 6678 117
12924 ROWACT 345 2 1 6678 117
12938 READ 345 2 1 6678 117
13012 WRITE 346 3 3 8191 2047
13144 BANKCONFLICT 348 0 2 5088 4
13128 READ 347 3 3 8191 2047
13146 PRECHARGE 348 0 2 5088 4
13150 ROWACT 348 0 2 5088 4
13160 READ 348 0 2 5088 4
13238 BANKCONFLICT 350 2 2 8017 1305
13204 READ 349 3 3 8191 2047
13242 READ 351 3 3 8191 2047
13240 PRECHARGE 350 2 2 8017 1305
13244 ROWACT 350 2 2 8017 1305
13270 WRITE 350 2 2 8017 1305
13367 BANKCONFLICT 352 3 1 6506 834
13369 PRECHARGE 352 3 1 6506 834
13373 ROWACT 352 3 1 6506 834
13383 READ 352 3 1 6506 834
13436 READ 353 3 3 8191 2047
13464 WRITE 354 3 3 8191 2047
13501 BANKCONFLICT 355 3 1 4133 1751
13503 PRECHARGE 355 3 1 4133 1751
13507 ROWACT 355 3 1 4133 1751
13517 READ 355 3 1 4133 1751
13582 BANKCONFLICT 356 1 2 3343 1355
13624 BANKCONFLICT 357 2 1 7242 139
13584 PRECHARGE 356 1 2 3343 1355
13588 ROWACT 356 1 2 3343 1355
13598 READ 356 1 2 3343 1355
13626 PRECHARGE 357 2 1 7242 139
13630 ROWACT 357 2 1 7242 139
13640 READ 357 2 1 7242 139
13670 READ 358 3 3 8191 2047
13862 BANKCONFLICT 359 1 2 1222 199
13896 BANKCONFLICT 361 1 0 5855 1070
13866 READ 360 3 3 8191 2047
13864 PRECHARGE 359 1 2 1222 199
13868 ROWACT 359 1 2 1222 199
13884 READ 359 1 2 1222 199
13898 PRECHARGE 361 1 0 5855 1070
13902 ROWACT 361 1 0 5855 1070
13912 READ 361 1 0 5855 1070
13944 WRITE 362 3 3 8191 2047
13984 BANKCONFLICT 364 1 1 3457 638
13976 READ 363 3 3 8191 2047
13992 READ 365 3 3 8191 2047
13986 PRECHARGE 364 1 1 3457 638
13990 ROWACT 364 1 1 3457 638
14010 READ 364 1 1 3457 638
14028 READ 366 3 3 8191 2047
14075 READ 367 3 3 8191 2047
14093 READ 368 3 3 8191 2047
14171 BANKCONFLICT 371 0 1 5524 1545
14161 READ 369 3 3 8191 2047
14211 BANKCONFLICT 372 3 3 2020 1463
14211 BANKCONFLICT 372 3 3 2020 1463
14177 READ 370 3 3 8191 2047
14217 BANKCONFLICT 373 3 3 8191 2047
14173 PRECHARGE 371 0 1 5524 1545
14179 ROWACT 371 0 1 5524 1545
14205 WRITE 371 0 1 5524 1545
14253 BANKCONFLICT 374 1 2 7653 1741
14213 PRECHARGE 372 3 3 2020 1463
14217 ROWACT 372 3 3 2020 1463
14227 READ 372 3 3 2020 1463
14251 PRECHARGE 373 3 3 8191 2047
14255 ROWACT 373 3 3 8191 2047
14265 READ 373 3 3 8191 2047
14315 BANKCONFLICT 376 2 1 4827 1445
14323 BANKCONFLICT 378 1 3 6433 967
14291 READ 375 3 3 8191 2047
14257 PRECHARGE 374 1 2 7653 1741
14261 ROWACT 374 1 2 7653 1741
14319 WRITE 374 1 2 7653 1741
14361 BANKCONFLICT 380 2 2 7165 396
14327 READ 377 3 3 8191 2047
14343 READ 379 3 3 8191 2047
14317 PRECHARGE 376 2 1 4827 1445
14321 ROWACT 376 2 1 4827 1445
14361 READ 376 2 1 4827 1445
14401 BANKCONFLICT 381 2 0 7736 1158
14363 PRECHARGE 380 2 2 7165 396
14367 ROWACT 380 2 2 7165 396
14377 READ 380 2 2 7165 396
14413 BANKCONFLICT 382 0 2 318 1444
14325 PRECHARGE 378 1 3 6433 967
14329 ROWACT 378 1 3 6433 967
14395 READ 378 1 3 6433 967
14403 PRECHARGE 381 2 0 7736 1158
14407 ROWACT 381 2 0 7736 1158
14423 WRITE 381 2 0 7736 1158
14415 PRECHARGE 382 0 2 318 1444
14419 ROWACT 382 0 2 318 1444
14431 READ 382 0 2 318 1444
14449 READ 383 3 3 8191 2047
14515 WRITE 384 3 3 8191 2047
14553 BANKCONFLICT 386 2 3 3923 1795
14565 BANKCONFLICT 387 0 0 1234 2007
14541 READ 385 3 3 8191 2047
14587 BANKCONFLICT 389 2 0 3662 2031
14555 PRECHARGE 386 2 3 3923 1795
14559 ROWACT 386 2 3 3923 1795
14569 READ 386 2 3 3923 1795
14567 PRECHARGE 387 0 0 1234 2007
14571 ROWACT 387 0 0 1234 2007
14587 READ 387 0 0 1234 2007
14605 READ 388 3 3 8191 2047
14589 PRECHARGE 389 2 0 3662 2031
14593 ROWACT 389 2 0 3662 2031
14623 READ 389 2 0 3662 2031
14651 READ 390 3 3 8191 2047
14754 BANKCONFLICT 393 0 3 7457 1647
14730 WRITE 392 3 3 8191 2047
14762 BANKCONFLICT 394 2 0 641 785
14772 BANKCONFLICT 395 2 2 47 37
14728 ROWACT 391 3 2 1932 2008
14750 READ 391 3 2 1932 2008
14756 PRECHARGE 393 0 3 7457 1647
14760 ROWACT 393 0 3 7457 1647
14770 READ 393 0 3 7457 1647
14774 PRECHARGE 395 2 2 47 37
14778 ROWACT 395 2 2 47 37
14788 READ 395 2 2 47 37
14764 PRECHARGE 394 2 0 641 785
14768 ROWACT 394 2 0 641 785
14816 WRITE 394 2 0 641 785
14850 BANKCONFLICT 396 3 3 4722 1512
14882 BANKCONFLICT 397 2 2 882 290
14852 PRECHARGE 396 3 3 4722 1512
14856 ROWACT 396 3 3 4722 1512
14866 READ 396 3 3 4722 1512
14884 PRECHARGE 397 2 2 882 290
14888 ROWACT 397 2 2 882 290
14898 READ 397 2 2 882 290
14934 BANKCONFLICT 398 0 1 7975 117
14942 BANKCONFLICT 399 2 3 4429 937
14936 PRECHARGE 398 0 1 7975 117
14940 ROWACT 398 0 1 7975 117
14950 WRITE 398 0 1 7975 117
14944 PRECHARGE 399 2 3 4429 937
14948 ROWACT 399 2 3 4429 937
14958 READ 399 2 3 4429 937
15198 BANKCONFLICT 400 0 0 867 1004
15208 BANKCONFLICT 401 3 3 8191 2047
15234 BANKCONFLICT 402 1 0 582 316
15200 PRECHARGE 400 0 0 867 1004
15204 ROWACT 400 0 0 867 1004
15214 READ 400 0 0 867 1004
15210 PRECHARGE 401 3 3 8191 2047
15216 ROWACT 401 3 3 8191 2047
15232 READ 401 3 3 8191 2047
15236 PRECHARGE 402 1 0 582 316
15240 ROWACT 402 1 0 582 316
15250 READ 402 1 0 582 316
15290 READ 403 3 3 8191 2047
15379 BANKCONFLICT 404 0 1 4711 980
15409 BANKCONFLICT 405 3 3 1555 345
15381 PRECHARGE 404 0 1 4711 980
15385 ROWACT 404 0 1 4711 980
15395 READ 404 0 1 4711 980
15411 PRECHARGE 405 3 3 1555 345
15415 ROWACT 405 3 3 1555 345
15425 WRITE 405 3 3 1555 345
15504 BANKCONFLICT 406 3 3 8191 2047
15520 BANKCONFLICT 408 1 3 3247 318
15506 PRECHARGE 406 3 3 8191 2047
15510 ROWACT 406 3 3 8191 2047
15520 READ 406 3 3 8191 2047
15512 ROWACT 407 3 0 4014 706
15536 READ 407 3 0 4014 706
15588 BANKCONFLICT 411 1 1 2133 1351
15522 PRECHARGE 408 1 3 3247 318
15526 ROWACT 408 1 3 3247 318
15554 READ 408 1 3 3247 318
15572 READ 409 3 3 8191 2047
15588 READ 410 3 3 8191 2047
15590 PRECHARGE 411 1 1 2133 1351
15594 ROWACT 411 1 1 2133 1351
15606 READ 411 1 1 2133 1351
15648 BANKCONFLICT 412 0 0 3925 1693
15652 READ 413 3 3 8191 2047
15668 READ 414 3 3 8191 2047
15650 PRECHARGE 412 0 0 3925 1693
15654 ROWACT 412 0 0 3925 1693
15696 WRITE 412 0 0 3925 1693
15768 BANKCONFLICT 415 3 1 3128 824
15806 BANKCONFLICT 416 2 1 670 863
15814 BANKCONFLICT 417 1 0 5003 395
15770 PRECHARGE 415 3 1 3128 824
15774 ROWACT 415 3 1 3128 824
15784 READ 415 3 1 3128 824
15836 BANKCONFLICT 418 0 2 6302 934
15808 PRECHARGE 416 2 1 670 863
15812 ROWACT 416 2 1 670 863
15822 READ 416 2 1 670 863
15816 PRECHARGE 417 1 0 5003 395
15820 ROWACT 417 1 0 5003 395
15840 READ 417 1 0 5003 395
15838 PRECHARGE 418 0 2 6302 934
15842 ROWACT 418 0 2 6302 934
15858 READ 418 0 2 6302 934
15996 BANKCONFLICT 419 0 3 1474 986
15998 PRECHARGE 419 0 3 1474 986
16002 ROWACT 419 0 3 1474 986
16012 READ 419 0 3 1474 986
16095 BANKCONFLICT 420 1 1 1872 907
16097 PRECHARGE 420 1 1 1872 907
16101 ROWACT 420 1 1 1872 907
16111 READ 420 1 1 1872 907
16200 BANKCONFLICT 421 3 2 7010 1286
16234 BANKCONFLICT 423 0 2 7845 818
16208 READ 422 3 3 8191 2047
16202 PRECHARGE 421 3 2 7010 1286
16206 ROWACT 421 3 2 7010 1286
16236 WRITE 421 3 2 7010 1286
16238 PRECHARGE 423 0 2 7845 818
16242 ROWACT 423 0 2 7845 818
16252 READ 423 0 2 7845 818
16270 READ 425 3 3 8191 2047
16310 BANKCONFLICT 426 3 1 6134 501
16298 WRITE 424 3 3 8191 2047
16318 READ 427 3 3 8191 2047
16312 PRECHARGE 426 3 1 6134 501
16316 ROWACT 426 3 1 6134 501
16334 READ 426 3 1 6134 501
16389 BANKCONFLICT 428 1 1 4316 1345
16391 PRECHARGE 428 1 1 4316 1345
16395 ROWACT 428 1 1 4316 1345
16405 WRITE 428 1 1 4316 1345
16433 BANKCONFLICT 430 0 2 5035 1180
16413 READ 429 3 3 8191 2047
16467 BANKCONFLICT 431 3 0 2813 145
16435 PRECHARGE 430 0 2 5035 1180
16439 ROWACT 430 0 2 5035 1180
16449 READ 430 0 2 5035 1180
16469 PRECHARGE 431 3 0 2813 145
16473 ROWACT 431 3 0 2813 145
16483 READ 431 3 0 2813 145
16499 READ 432 3 3 8191 2047
16515 READ 433 3 3 8191 2047
16599 READ 434 3 3 8191 2047
16699 READ 435 3 3 8191 2047
16816 BANKCONFLICT 437 0 3 1295 1785
16794 READ 436 3 3 8191 2047
16818 PRECHARGE 437 0 3 1295 1785
16822 ROWACT 437 0 3 1295 1785
16832 WRITE 437 0 3 1295 1785
16903 BANKCONFLICT 439 3 2 4706 135
16887 WRITE 438 3 3 8191 2047
16915 READ 440 3 3 8191 2047
16905 PRECHARGE 439 3 2 4706 135
16909 ROWACT 439 3 2 4706 135
16931 READ 439 3 2 4706 135
16959 WRITE 441 3 3 8191 2047
17008 BANKCONFLICT 442 3 1 3973 1649
17030 BANKCONFLICT 444 0 1 7117 1780
17022 WRITE 443 3 3 8191 2047
17068 BANKCONFLICT 445 3 0 7721 1497
17010 PRECHARGE 442 3 1 3973 1649
17014 ROWACT 442 3 1 3973 1649
17042 READ 442 3 1 3973 1649
17032 PRECHARGE 444 0 1 7117 1780
17036 ROWACT 444 0 1 7117 1780
17060 READ 444 0 1 7117 1780
17070 PRECHARGE 445 3 0 7721 1497
17074 ROWACT 445 3 0 7721 1497
17084 READ 445 3 0 7721 1497
17112 WRITE 446 3 3 8191 2047
17146 BANKCONFLICT 447 3 1 465 2025
17190 BANKCONFLICT 448 2 1 5533 270
17148 PRECHARGE 447 3 1 465 2025
17152 ROWACT 447 3 1 465 2025
17162 READ 447 3 1 465 2025
17192 PRECHARGE 448 2 1 5533 270
17196 ROWACT 448 2 1 5533 270
17206 READ 448 2 1 5533 270
17325 BANKCONFLICT 449 1 0 485 292
17327 BANKCONFLICT 450 3 0 2875 587
17363 BANKCONFLICT 452 0 0 1602 1274
17327 PRECHARGE 449 1 0 485 292
17331 ROWACT 449 1 0 485 292
17341 READ 449 1 0 485 292
17329 PRECHARGE 450 3 0 2875 587
17333 ROWACT 450 3 0 2875 587
17359 READ 450 3 0 2875 587
17365 PRECHARGE 452 0 0 1602 1274
17369 ROWACT 452 0 0 1602 1274
17379 READ 452 0 0 1602 1274
17407 WRITE 451 3 3 8191 2047
17427 READ 453 3 3 8191 2047
17443 READ 454 3 3 8191 2047
17459 READ 455 3 3 8191 2047
17557 WRITE 456 3 3 8191 2047
17635 BANKCONFLICT 458 2 3 7831 1226
17649 BANKCONFLICT 459 2 3 5397 148
17627 READ 457 3 3 8191 2047
17637 PRECHARGE 458 2 3 7831 1226
17641 ROWACT 458 2 3 7831 1226
17651 READ 458 2 3 7831 1226
17675 PRECHARGE 459 2 3 5397 148
17679 ROWACT 459 2 3 5397 148
17689 READ 459 2 3 5397 148
17729 READ 460 3 3 8191 2047
17828 BANKCONFLICT 463 3 3 2629 807
17828 BANKCONFLICT 463 3 3 2629 807
17828 BANKCONFLICT 463 3 3 2629 807
17798 READ 461 3 3 8191 2047
17814 READ 462 3 3 8191 2047
17838 PRECHARGE 463 3 3 2629 807
17842 ROWACT 463 3 3 2629 807
17852 READ 463 3 3 2629 807
17946 BANKCONFLICT 464 3 3 8191 2047
17968 BANKCONFLICT 465 3 3 93 225
17948 PRECHARGE 464 3 3 8191 2047
17952 ROWACT 464 3 3 8191 2047
17962 READ 464 3 3 8191 2047
18010 BANKCONFLICT 466 3 3 8191 2047
17986 PRECHARGE 465 3 3 93 225
17990 ROWACT 465 3 3 93 225
18000 READ 465 3 3 93 225
18024 PRECHARGE 466 3 3 8191 2047
18028 ROWACT 466 3 3 8191 2047
18038 READ 466 3 3 8191 2047
18054 READ 467 3 3 8191 2047
18182 BANKCONFLICT 469 2 0 195 1603
18196 BANKCONFLICT 472 1 2 809 179
18180 READ 468 3 3 8191 2047
18196 READ 471 3 3 8191 2047
18212 READ 473 3 3 8191 2047
18262 BANKCONFLICT 474 2 1 6458 147
18198 PRECHARGE 472 1 2 809 179
18202 ROWACT 472 1 2 809 179
18230 READ 472 1 2 809 179
18184 PRECHARGE 469 2 0 195 1603
18188 ROWACT 469 2 0 195 1603
18258 WRITE 469 2 0 195 1603
18274 WRITE 470 3 3 8191 2047
18308 BANKCONFLICT 475 0 3 7769 1496
18264 PRECHARGE 474 2 1 6458 147
18268 ROWACT 474 2 1 6458 147
18290 WRITE 474 2 1 6458 147
18310 PRECHARGE 475 0 3 7769 1496
18314 ROWACT 475 0 3 7769 1496
18324 READ 475 0 3 7769 1496
18523 BANKCONFLICT 476 3 1 553 814
18525 PRECHARGE 476 3 1 553 814
18529 ROWACT 476 3 1 553 814
18539 READ 476 3 1 553 814
18659 READ 477 3 3 8191 2047
18710 READ 478 3 3 8191 2047
18726 READ 479 3 3 8191 2047
18801 BANKCONFLICT 480 1 3 3938 1064
18803 PRECHARGE 480 1 3 3938 1064
18807 ROWACT 480 1 3 3938 1064
18817 READ 480 1 3 3938 1064
18864 BANKCONFLICT 481 0 1 4826 1710
18866 PRECHARGE 481 0 1 4826 1710
18870 ROWACT 481 0 1 4826 1710
18880 READ 481 0 1 4826 1710
18898 READ 482 3 3 8191 2047
18928 READ 483 3 3 8191 2047
18954 READ 484 3 3 8191 2047
19047 BANKCONFLICT 485 3 3 4840 1748
19087 BANKCONFLICT 486 3 3 8191 2047
19089 BANKCONFLICT 487 3 3 8191 2047
19049 PRECHARGE 485 3 3 4840 1748
19053 ROWACT 485 3 3 4840 1748
19063 READ 485 3 3 4840 1748
19137 BANKCONFLICT 489 1 0 4945 237
19089 PRECHARGE 486 3 3 8191 2047
19093 ROWACT 486 3 3 8191 2047
19103 READ 486 3 3 8191 2047
19119 READ 487 3 3 8191 2047
19135 READ 488 3 3 8191 2047
19139 PRECHARGE 489 1 0 4945 237
19143 ROWACT 489 1 0 4945 237
19153 READ 489 1 0 4945 237
19175 READ 490 3 3 8191 2047
19276 READ 491 3 3 8191 2047
19342 READ 492 3 3 8191 2047
19529 BANKCONFLICT 493 3 0 121 582
19533 BANKCONFLICT 494 3 0 5687 0
19547 BANKCONFLICT 495 1 2 4841 1378
19549 BANKCONFLICT 496 3 0 7574 704
19549 BANKCONFLICT 496 3 0 7574 704
19531 PRECHARGE 493 3 0 121 582
19535 ROWACT 493 3 0 121 582
19545 READ 493 3 0 121 582
19585 BANKCONFLICT 498 3 1 2429 160
19593 BANKCONFLICT 499 1 1 6169 1644
19561 READ 497 3 3 8191 2047
19569 PRECHARGE 494 3 0 5687 0
19573 ROWACT 494 3 0 5687 0
19589 WRITE 494 3 0 5687 0
19623 BANKCONFLICT 500 3 3 4389 1357
19549 PRECHARGE 495 1 2 4841 1378
19553 ROWACT 495 1 2 4841 1378
19605 WRITE 495 1 2 4841 1378
19647 BANKCONFLICT 501 3 3 8191 2047
19587 PRECHARGE 498 3 1 2429 160
19591 ROWACT 498 3 1 2429 160
19613 READ 498 3 1 2429 160
19607 PRECHARGE 496 3 0 7574 704
19611 ROWACT 496 3 0 7574 704
19629 READ 496 3 0 7574 704
19625 PRECHARGE 500 3 3 4389 1357
19631 ROWACT 500 3 3 4389 1357
19645 READ 500 3 3 4389 1357
19693 BANKCONFLICT 502 1 3 1370 609
19595 PRECHARGE 499 1 1 6169 1644
19599 ROWACT 499 1 1 6169 1644
19663 READ 499 1 1 6169 1644
19669 PRECHARGE 501 3 3 8191 2047
19673 ROWACT 501 3 3 8191 2047
19683 READ 501 3 3 8191 2047
19731 BANKCONFLICT 503 1 0 3876 829
19695 PRECHARGE 502 1 3 1370 609
19699 ROWACT 502 1 3 1370 609
19709 READ 502 1 3 1370 609
19765 BANKCONFLICT 505 1 1 2998 1790
19733 PRECHARGE 503 1 0 3876 829
19737 ROWACT 503 1 0 3876 829
19747 READ 503 1 0 3876 829
19787 BANKCONFLICT 506 1 0 640 353
19765 READ 504 3 3 8191 2047
19767 PRECHARGE 505 1 1 2998 1790
19771 ROWACT 505 1 1 2998 1790
19783 READ 505 1 1 2998 1790
19825 BANKCONFLICT 508 2 0 1745 1142
19801 READ 507 3 3 8191 2047
19789 PRECHARGE 506 1 0 640 353
19793 ROWACT 506 1 0 640 353
19819 READ 506 1 0 640 353
19865 BANKCONFLICT 509 1 2 1334 275
19827 PRECHARGE 508 2 0 1745 1142
19831 ROWACT 508 2 0 1745 1142
19841 READ 508 2 0 1745 1142
19887 BANKCONFLICT 510 3 0 7846 430
19905 BANKCONFLICT 511 2 0 233 1768
19867 PRECHARGE 509 1 2 1334 275
19871 ROWACT 509 1 2 1334 275
19881 READ 509 1 2 1334 275
19889 PRECHARGE 510 3 0 7846 430
19893 ROWACT 510 3 0 7846 430
19903 READ 510 3 0 7846 430
19907 PRECHARGE 511 2 0 233 1768
19911 ROWACT 511 2 0 233 1768
19931 WRITE 511 2 0 233 1768
19947 READ 512 3 3 8191 2047
19983 BANKCONFLICT 513 0 1 5766 1880
19985 PRECHARGE 513 0 1 5766 1880
19989 ROWACT 513 0 1 5766 1880
19999 READ 513 0 1 5766 1880
20053 ROWACT 514 3 3 8191 2047
20063 READ 514 3 3 8191 2047
20079 READ 516 3 3 8191 2047
20093 ROWACT 517 2 3 1723 1569
20103 READ 517 2 3 1723 1569
20111 ROWACT 518 1 3 4833 1196
20121 READ 518 1 3 4833 1196
20149 WRITE 515 3 3 8191 2047
20165 WRITE 519 3 3 8191 2047
20177 ROWACT 520 3 1 2916 1106
20187 READ 520 3 1 2916 1106
20203 READ 521 3 3 8191 2047
20241 ROWACT 522 2 0 1082 1814
20251 WRITE 522 2 0 1082 1814
20243 ROWACT 523 1 0 7438 1758
20267 WRITE 523 1 0 7438 1758
20364 READ 524 3 3 8191 2047
20415 ROWACT 525 2 1 2891 1309
20425 WRITE 525 2 1 2891 1309
20506 WRITE 526 3 3 8191 2047
20536 ROWACT 527 0 2 7394 1489
20546 READ 527 0 2 7394 1489
20657 ROWACT 528 0 1 5446 1150
20667 READ 528 0 1 5446 1150
20685 READ 529 3 3 8191 2047
20759 BANKCONFLICT 532 2 3 2028 1853
20727 READ 530 3 3 8191 2047
20743 READ 531 3 3 8191 2047
20761 PRECHARGE 532 2 3 2028 1853
20765 ROWACT 532 2 3 2028 1853
20775 READ 532 2 3 2028 1853
20779 ROWACT 534 2 2 7625 967
20791 READ 534 2 2 7625 967
20771 ROWACT 533 3 0 3635 804
20809 READ 533 3 0 3635 804
20837 WRITE 535 3 3 8191 2047
20900 BANKCONFLICT 536 2 3 6126 229
20934 BANKCONFLICT 538 3 3 5985 1818
20934 BANKCONFLICT 538 3 3 5985 1818
20902 PRECHARGE 536 2 3 6126 229
20906 ROWACT 536 2 3 6126 229
20916 WRITE 536 2 3 6126 229
20932 READ 537 3 3 8191 2047
20984 BANKCONFLICT 539 3 3 8191 2047
20956 PRECHARGE 538 3 3 5985 1818
20960 ROWACT 538 3 3 5985 1818
20970 READ 538 3 3 5985 1818
20994 PRECHARGE 539 3 3 8191 2047
20998 ROWACT 539 3 3 8191 2047
21008 READ 539 3 3 8191 2047
21070 BANKCONFLICT 541 3 3 7894 268
21070 BANKCONFLICT 541 3 3 7894 268
21068 READ 540 3 3 8191 2047
21110 BANKCONFLICT 542 3 3 8191 2047
21130 BANKCONFLICT 543 3 3 8191 2047
21092 PRECHARGE 541 3 3 7894 268
21096 ROWACT 541 3 3 7894 268
21106 READ 541 3 3 7894 268
21170 BANKCONFLICT 544 1 0 6335 213
21130 PRECHARGE 542 3 3 8191 2047
21134 ROWACT 542 3 3 8191 2047
21144 READ 542 3 3 8191 2047
21160 READ 543 3 3 8191 2047
21172 PRECHARGE 544 1 0 6335 213
21176 ROWACT 544 1 0 6335 213
21186 READ 544 1 0 6335 213
21242 READ 545 3 3 8191 2047
21318 WRITE 546 3 3 8191 2047
21360 BANKCONFLICT 548 2 2 1445 1716
21338 READ 547 3 3 8191 2047
21362 PRECHARGE 548 2 2 1445 1716
21366 ROWACT 548 2 2 1445 1716
21376 READ 548 2 2 1445 1716
21404 WRITE 549 3 3 8191 2047
21476 READ 550 3 3 8191 2047
21486 ROWACT 551 3 2 4005 1213
21496 READ 551 3 2 4005 1213
21524 WRITE 552 3 3 8191 2047
21565 WRITE 553 3 3 8191 2047
21610 READ 554 3 3 8191 2047
21756 BANKCONFLICT 556 1 0 3065 1504
21740 READ 555 3 3 8191 2047
21758 PRECHARGE 556 1 0 3065 1504
21762 ROWACT 556 1 0 3065 1504
21772 READ 556 1 0 3065 1504
21814 WRITE 557 3 3 8191 2047
21848 BANKCONFLICT 559 1 0 5802 46
21850 BANKCONFLICT 560 3 2 4105 417
21826 ROWACT 558 1 1 4454 1616
21836 READ 558 1 1 4454 1616
21876 BANKCONFLICT 561 3 3 4746 1953
21850 PRECHARGE 559 1 0 5802 46
21854 ROWACT 559 1 0 5802 46
21864 READ 559 1 0 5802 46
21852 PRECHARGE 560 3 2 4105 417
21856 ROWACT 560 3 2 4105 417
21882 READ 560 3 2 4105 417
21878 PRECHARGE 561 3 3 4746 1953
21884 ROWACT 561 3 3 4746 1953
21910 WRITE 561 3 3 4746 1953
21949 BANKCONFLICT 562 3 0 6819 1313
21951 PRECHARGE 562 3 0 6819 1313
21955 ROWACT 562 3 0 6819 1313
21965 WRITE 562 3 0 6819 1313
22045 BANKCONFLICT 563 3 3 8191 2047
22047 PRECHARGE 563 3 3 8191 2047
22051 ROWACT 563 3 3 8191 2047
22061 WRITE 563 3 3 8191 2047
22180 BANKCONFLICT 565 2 1 6951 1557
22178 ROWACT 564 0 3 4310 373
22188 READ 564 0 3 4310 373
22182 PRECHARGE 565 2 1 6951 1557
22186 ROWACT 565 2 1 6951 1557
22206 READ 565 2 1 6951 1557
22269 READ 566 3 3 8191 2047
22418 BANKCONFLICT 567 0 2 811 215
22422 BANKCONFLICT 568 2 1 3267 458
22420 PRECHARGE 567 0 2 811 215
22424 ROWACT 567 0 2 811 215
22434 READ 567 0 2 811 215
22426 PRECHARGE 568 2 1 3267 458
22430 ROWACT 568 2 1 3267 458
22462 WRITE 568 2 1 3267 458
22496 BANKCONFLICT 569 1 1 6228 1483
22498 PRECHARGE 569 1 1 6228 1483
22502 ROWACT 569 1 1 6228 1483
22512 READ 569 1 1 6228 1483
22562 BANKCONFLICT 571 1 0 3791 1021
22562 READ 570 3 3 8191 2047
22578 READ 572 3 3 8191 2047
22564 PRECHARGE 571 1 0 3791 1021
22568 ROWACT 571 1 0 3791 1021
22596 READ 571 1 0 3791 1021
22616 READ 573 3 3 8191 2047
22672 BANKCONFLICT 574 2 1 6118 1969
22704 BANKCONFLICT 576 1 3 5573 1537
22674 PRECHARGE 574 2 1 6118 1969
22678 ROWACT 574 2 1 6118 1969
22688 READ 574 2 1 6118 1969
22706 READ 575 3 3 8191 2047
22708 PRECHARGE 576 1 3 5573 1537
22712 ROWACT 576 1 3 5573 1537
22724 READ 576 1 3 5573 1537
22799 BANKCONFLICT 577 3 2 7045 512
22801 PRECHARGE 577 3 2 7045 512
22805 ROWACT 577 3 2 7045 512
22815 READ 577 3 2 7045 512
22847 READ 578 3 3 8191 2047
22883 BANKCONFLICT 581 2 0 7262 2038
22871 READ 580 3 3 8191 2047
22899 WRITE 579 3 3 8191 2047
22927 BANKCONFLICT 582 3 3 3841 2030
22885 PRECHARGE 581 2 0 7262 2038
22889 ROWACT 581 2 0 7262 2038
22915 WRITE 581 2 0 7262 2038
22965 BANKCONFLICT 583 3 3 8191 2047
22929 PRECHARGE 582 3 3 3841 2030
22933 ROWACT 582 3 3 3841 2030
22943 READ 582 3 3 3841 2030
22967 PRECHARGE 583 3 3 8191 2047
22971 ROWACT 583 3 3 8191 2047
22981 WRITE 583 3 3 8191 2047
23061 READ 584 3 3 8191 2047
23101 WRITE 585 3 3 8191 2047
23178 READ 586 3 3 8191 2047
23220 BANKCONFLICT 587 3 3 3076 578
23234 BANKCONFLICT 588 3 1 7685 661
23264 BANKCONFLICT 589 3 3 7816 750
23222 PRECHARGE 587 3 3 3076 578
23226 ROWACT 587 3 3 3076 578
23236 READ 587 3 3 3076 578
23282 BANKCONFLICT 590 0 3 76 537
23286 BANKCONFLICT 591 3 3 8191 2047
23238 PRECHARGE 588 3 1 7685 661
23242 ROWACT 588 3 1 7685 661
23252 READ 588 3 1 7685 661
23266 PRECHARGE 589 3 3 7816 750
23270 ROWACT 589 3 3 7816 750
23280 WRITE 589 3 3 7816 750
23284 PRECHARGE 590 0 3 76 537
23288 ROWACT 590 0 3 76 537
23298 READ 590 0 3 76 537
23300 PRECHARGE 591 3 3 8191 2047
23304 ROWACT 591 3 3 8191 2047
23316 READ 591 3 3 8191 2047
23332 READ 592 3 3 8191 2047
23484 BANKCONFLICT 594 3 2 6412 1861
23448 ROWACT 593 0 0 6459 1655
23458 READ 593 0 0 6459 1655
23486 PRECHARGE 594 3 2 6412 1861
23490 ROWACT 594 3 2 6412 1861
23500 READ 594 3 2 6412 1861
23496 ROWACT 595 1 2 3708 736
23518 READ 595 1 2 3708 736
23588 BANKCONFLICT 596 1 1 4520 528
23590 PRECHARGE 596 1 1 4520 528
23594 ROWACT 596 1 1 4520 528
23604 READ 596 1 1 4520 528
23650 BANKCONFLICT 597 1 1 2615 487
23652 PRECHARGE 597 1 1 2615 487
23656 ROWACT 597 1 1 2615 487
23666 READ 597 1 1 2615 487
23761 BANKCONFLICT 598 3 1 2847 1376
23785 BANKCONFLICT 600 0 2 552 1948
23801 BANKCONFLICT 601 3 3 2252 1320
23801 BANKCONFLICT 601 3 3 2252 1320
23811 BANKCONFLICT 602 3 3 8191 2047
23763 PRECHARGE 598 3 1 2847 1376
23767 ROWACT 598 3 1 2847 1376
23777 READ 598 3 1 2847 1376
23793 READ 599 3 3 8191 2047
23843 BANKCONFLICT 603 3 3 8191 2047
23787 PRECHARGE 600 0 2 552 1948
23791 ROWACT 600 0 2 552 1948
23811 READ 600 0 2 552 1948
23817 PRECHARGE 601 3 3 2252 1320
23821 ROWACT 601 3 3 2252 1320
23831 READ 601 3 3 2252 1320
23855 PRECHARGE 602 3 3 8191 2047
23859 ROWACT 602 3 3 8191 2047
23869 READ 602 3 3 8191 2047
23885 READ 603 3 3 8191 2047
24203 BANKCONFLICT 604 0 2 494 1823
24205 PRECHARGE 604 0 2 494 1823
24209 ROWACT 604 0 2 494 1823
24219 READ 604 0 2 494 1823
24255 BANKCONFLICT 605 3 0 1228 1806
24257 PRECHARGE 605 3 0 1228 1806
24261 ROWACT 605 3 0 1228 1806
24271 READ 605 3 0 1228 1806
24380 BANKCONFLICT 608 3 1 206 571
24354 READ 606 3 3 8191 2047
24370 READ 607 3 3 8191 2047
24382 PRECHARGE 608 3 1 206 571
24386 ROWACT 608 3 1 206 571
24396 READ 608 3 1 206 571
24436 BANKCONFLICT 609 3 0 6687 1165
24438 PRECHARGE 609 3 0 6687 1165
24442 ROWACT 609 3 0 6687 1165
24452 READ 609 3 0 6687 1165
24496 READ 610 3 3 8191 2047
24561 READ 611 3 3 8191 2047
24618 BANKCONFLICT 612 3 0 4832 1288
24620 PRECHARGE 612 3 0 4832 1288
24624 ROWACT 612 3 0 4832 1288
24634 READ 612 3 0 4832 1288
24670 READ 613 3 3 8191 2047
24730 BANKCONFLICT 614 0 0 1420 323
24742 BANKCONFLICT 616 0 0 4537 846
24738 READ 615 3 3 8191 2047
24732 PRECHARGE 614 0 0 1420 323
24736 ROWACT 614 0 0 1420 323
24756 READ 614 0 0 1420 323
24794 BANKCONFLICT 620 2 0 7454 1460
24774 READ 618 3 3 8191 2047
24790 READ 619 3 3 8191 2047
24796 PRECHARGE 620 2 0 7454 1460
24800 ROWACT 620 2 0 7454 1460
24810 READ 620 2 0 7454 1460
24780 PRECHARGE 616 0 0 4537 846
24784 ROWACT 616 0 0 4537 846
24838 WRITE 616 0 0 4537 846
24854 WRITE 617 3 3 8191 2047
24898 BANKCONFLICT 621 3 3 5361 406
24908 BANKCONFLICT 622 1 3 1431 446
24936 BANKCONFLICT 623 3 3 8191 2047
24900 PRECHARGE 621 3 3 5361 406
24904 ROWACT 621 3 3 5361 406
24914 READ 621 3 3 5361 406
24910 PRECHARGE 622 1 3 1431 446
24916 ROWACT 622 1 3 1431 446
24932 READ 622 1 3 1431 446
24972 BANKCONFLICT 624 2 1 7426 1597
24938 PRECHARGE 623 3 3 8191 2047
24942 ROWACT 623 3 3 8191 2047
24952 READ 623 3 3 8191 2047
24974 PRECHARGE 624 2 1 7426 1597
24978 ROWACT 624 2 1 7426 1597
24988 READ 624 2 1 7426 1597
25030 BANKCONFLICT 626 0 3 4604 289
25006 READ 625 3 3 8191 2047
25032 PRECHARGE 626 0 3 4604 289
25036 ROWACT 626 0 3 4604 289
25046 READ 626 0 3 4604 289
25121 BANKCONFLICT 627 3 2 3187 1918
25133 BANKCONFLICT 628 3 0 5740 1405
25123 PRECHARGE 627 3 2 3187 1918
25127 ROWACT 627 3 2 3187 1918
25137 WRITE 627 3 2 3187 1918
25167 BANKCONFLICT 629 1 2 4653 1041
25135 PRECHARGE 628 3 0 5740 1405
25139 ROWACT 628 3 0 5740 1405
25153 WRITE 628 3 0 5740 1405
25209 BANKCONFLICT 630 3 0 3963 1306
25169 PRECHARGE 629 1 2 4653 1041
25173 ROWACT 629 1 2 4653 1041
25183 READ 629 1 2 4653 1041
25219 READ 631 3 3 8191 2047
25211 PRECHARGE 630 3 0 3963 1306
25215 ROWACT 630 3 0 3963 1306
25235 READ 630 3 0 3963 1306
25309 READ 632 3 3 8191 2047
25325 READ 633 3 3 8191 2047
25361 BANKCONFLICT 635 3 0 8066 783
25353 READ 634 3 3 8191 2047
25363 PRECHARGE 635 3 0 8066 783
25367 ROWACT 635 3 0 8066 783
25381 WRITE 635 3 0 8066 783
25397 WRITE 636 3 3 8191 2047
25413 WRITE 637 3 3 8191 2047
25433 READ 638 3 3 8191 2047
25449 READ 639 3 3 8191 2047
25503 READ 640 3 3 8191 2047
25550 BANKCONFLICT 641 1 0 2683 1110
25552 PRECHARGE 641 1 0 2683 1110
25556 ROWACT 641 1 0 2683 1110
25566 READ 641 1 0 2683 1110
25600 READ 642 3 3 8191 2047
25663 BANKCONFLICT 643 3 2 927 458
25669 BANKCONFLICT 644 3 3 171 977
25683 BANKCONFLICT 645 1 2 6156 1636
25697 BANKCONFLICT 646 3 3 8191 2047
25665 PRECHARGE 643 3 2 927 458
25669 ROWACT 643 3 2 927 458
25679 READ 643 3 2 927 458
25671 PRECHARGE 644 3 3 171 977
25675 ROWACT 644 3 3 171 977
25695 READ 644 3 3 171 977
25685 PRECHARGE 645 1 2 6156 1636
25689 ROWACT 645 1 2 6156 1636
25713 READ 645 1 2 6156 1636
25719 PRECHARGE 646 3 3 8191 2047
25723 ROWACT 646 3 3 8191 2047
25733 READ 646 3 3 8191 2047
25749 READ 647 3 3 8191 2047
25839 READ 648 3 3 8191 2047
25887 BANKCONFLICT 651 3 3 2373 1154
25887 BANKCONFLICT 651 3 3 2373 1154
25887 BANKCONFLICT 651 3 3 2373 1154
25855 READ 649 3 3 8191 2047
25891 BANKCONFLICT 652 1 0 7549 1731
25871 READ 650 3 3 8191 2047
25923 BANKCONFLICT 653 3 3 8191 2047
25935 BANKCONFLICT 654 3 3 8191 2047
25893 PRECHARGE 652 1 0 7549 1731
25897 ROWACT 652 1 0 7549 1731
25907 READ 652 1 0 7549 1731
25895 PRECHARGE 651 3 3 2373 1154
25899 ROWACT 651 3 3 2373 1154
25925 READ 651 3 3 2373 1154
25949 PRECHARGE 653 3 3 8191 2047
25953 ROWACT 653 3 3 8191 2047
25963 READ 653 3 3 8191 2047
25979 READ 654 3 3 8191 2047
25995 READ 655 3 3 8191 2047
26023 WRITE 656 3 3 8191 2047
26075 BANKCONFLICT 658 0 0 7748 174
26043 READ 657 3 3 8191 2047
26091 BANKCONFLICT 659 0 2 5789 625
26077 PRECHARGE 658 0 0 7748 174
26081 ROWACT 658 0 0 7748 174
26091 WRITE 658 0 0 7748 174
26093 PRECHARGE 659 0 2 5789 625
26097 ROWACT 659 0 2 5789 625
26111 READ 659 0 2 5789 625
26129 READ 660 3 3 8191 2047
26221 BANKCONFLICT 661 2 1 5570 328
26253 BANKCONFLICT 662 2 2 6412 258
26223 PRECHARGE 661 2 1 5570 328
26227 ROWACT 661 2 1 5570 328
26237 WRITE 661 2 1 5570 328
26255 PRECHARGE 662 2 2 6412 258
26259 ROWACT 662 2 2 6412 258
26269 READ 662 2 2 6412 258
26287 READ 663 3 3 8191 2047
26360 BANKCONFLICT 664 0 3 3384 1981
26364 WRITE 665 3 3 8191 2047
26362 PRECHARGE 664 0 3 3384 1981
26366 ROWACT 664 0 3 3384 1981
26376 READ 664 0 3 3384 1981
26460 BANKCONFLICT 666 2 0 1249 1343
26462 BANKCONFLICT 667 3 1 235 1856
26468 BANKCONFLICT 668 3 2 4528 209
26462 PRECHARGE 666 2 0 1249 1343
26466 ROWACT 666 2 0 1249 1343
26476 WRITE 666 2 0 1249 1343
26464 PRECHARGE 667 3 1 235 1856
26468 ROWACT 667 3 1 235 1856
26484 READ 667 3 1 235 1856
26470 PRECHARGE 668 3 2 4528 209
26474 ROWACT 668 3 2 4528 209
26500 READ 668 3 2 4528 209
26551 BANKCONFLICT 669 3 2 7921 391
26553 PRECHARGE 669 3 2 7921 391
26557 ROWACT 669 3 2 7921 391
26567 READ 669 3 2 7921 391
26599 WRITE 670 3 3 8191 2047
26615 WRITE 671 3 3 8191 2047
26635 READ 672 3 3 8191 2047
26784 BANKCONFLICT 673 1 3 5645 1560
26786 PRECHARGE 673 1 3 5645 1560
26790 ROWACT 673 1 3 5645 1560
26800 READ 673 1 3 5645 1560
26918 BANKCONFLICT 674 1 0 7654 1412
26932 BANKCONFLICT 675 0 2 6867 1299
26920 PRECHARGE 674 1 0 7654 1412
26924 ROWACT 674 1 0 7654 1412
26934 WRITE 674 1 0 7654 1412
26980 BANKCONFLICT 678 3 0 6687 715
26936 PRECHARGE 675 0 2 6867 1299
26940 ROWACT 675 0 2 6867 1299
26950 READ 675 0 2 6867 1299
26974 READ 677 3 3 8191 2047
26982 PRECHARGE 678 3 0 6687 715
26986 ROWACT 678 3 0 6687 715
26996 READ 678 3 0 6687 715
27024 WRITE 676 3 3 8191 2047
27105 READ 679 3 3 8191 2047
27131 READ 680 3 3 8191 2047
27232 BANKCONFLICT 681 2 3 3222 181
27234 PRECHARGE 681 2 3 3222 181
27238 ROWACT 681 2 3 3222 181
27248 READ 681 2 3 3222 181
27300 BANKCONFLICT 683 0 1 7302 226
27292 READ 682 3 3 8191 2047
27302 PRECHARGE 683 0 1 7302 226
27306 ROWACT 683 0 1 7302 226
27316 READ 683 0 1 7302 226
27394 BANKCONFLICT 685 2 0 1654 1023
27406 BANKCONFLICT 686 3 2 4379 495
27390 READ 684 3 3 8191 2047
27396 PRECHARGE 685 2 0 1654 1023
27400 ROWACT 685 2 0 1654 1023
27410 READ 685 2 0 1654 1023
27408 PRECHARGE 686 3 2 4379 495
27412 ROWACT 686 3 2 4379 495
27428 READ 686 3 2 4379 495
27502 READ 687 3 3 8191 2047
27524 READ 688 3 3 8191 2047
27564 BANKCONFLICT 690 0 2 6288 1689
27560 READ 689 3 3 8191 2047
27596 BANKCONFLICT 692 2 2 1458 1316
27602 BANKCONFLICT 693 1 0 1944 1992
27612 BANKCONFLICT 694 2 2 3167 1198
27566 PRECHARGE 690 0 2 6288 1689
27570 ROWACT 690 0 2 6288 1689
27580 READ 690 0 2 6288 1689
27598 READ 691 3 3 8191 2047
27600 PRECHARGE 692 2 2 1458 1316
27604 ROWACT 692 2 2 1458 1316
27616 READ 692 2 2 1458 1316
27606 PRECHARGE 693 1 0 1944 1992
27610 ROWACT 693 1 0 1944 1992
27634 READ 693 1 0 1944 1992
27672 BANKCONFLICT 696 0 0 4159 1916
27640 PRECHARGE 694 2 2 3167 1198
27644 ROWACT 694 2 2 3167 1198
27654 READ 694 2 2 3167 1198
27672 READ 695 3 3 8191 2047
27674 PRECHARGE 696 0 0 4159 1916
27678 ROWACT 696 0 0 4159 1916
27690 READ 696 0 0 4159 1916
27767 BANKCONFLICT 697 0 2 965 1324
27787 BANKCONFLICT 700 0 0 3612 1835
27777 READ 698 3 3 8191 2047
27793 READ 699 3 3 8191 2047
27809 READ 701 3 3 8191 2047
27789 PRECHARGE 700 0 0 3612 1835
27795 ROWACT 700 0 0 3612 1835
27827 READ 700 0 0 3612 1835
27769 PRECHARGE 697 0 2 965 1324
27773 ROWACT 697 0 2 965 1324
27855 WRITE 697 0 2 965 1324
27881 READ 702 3 3 8191 2047
28012 BANKCONFLICT 704 3 2 5402 678
27990 WRITE 703 3 3 8191 2047
28014 PRECHARGE 704 3 2 5402 678
28018 ROWACT 704 3 2 5402 678
28028 WRITE 704 3 2 5402 678
28064 WRITE 705 3 3 8191 2047
28092 BANKCONFLICT 706 0 0 4826 1177
28096 BANKCONFLICT 707 2 2 4223 1353
28138 BANKCONFLICT 708 3 1 833 412
28094 PRECHARGE 706 0 0 4826 1177
28098 ROWACT 706 0 0 4826 1177
28108 READ 706 0 0 4826 1177
28150 BANKCONFLICT 709 3 2 1857 1837
28100 PRECHARGE 707 2 2 4223 1353
28104 ROWACT 707 2 2 4223 1353
28136 WRITE 707 2 2 4223 1353
28182 BANKCONFLICT 710 1 1 4297 746
28140 PRECHARGE 708 3 1 833 412
28144 ROWACT 708 3 1 833 412
28154 READ 708 3 1 833 412
28152 PRECHARGE 709 3 2 1857 1837
28156 ROWACT 709 3 2 1857 1837
28170 READ 709 3 2 1857 1837
28184 PRECHARGE 710 1 1 4297 746
28188 ROWACT 710 1 1 4297 746
28198 READ 710 1 1 4297 746
28265 READ 711 3 3 8191 2047
28406 BANKCONFLICT 712 3 2 7487 924
28408 PRECHARGE 712 3 2 7487 924
28412 ROWACT 712 3 2 7487 924
28422 READ 712 3 2 7487 924
28448 READ 713 3 3 8191 2047
28476 WRITE 714 3 3 8191 2047
28560 BANKCONFLICT 716 1 3 4394 981
28532 READ 715 3 3 8191 2047
28562 PRECHARGE 716 1 3 4394 981
28566 ROWACT 716 1 3 4394 981
28576 READ 716 1 3 4394 981
28644 READ 717 3 3 8191 2047
28660 READ 718 3 3 8191 2047
28720 BANKCONFLICT 719 2 1 6212 1836
28764 BANKCONFLICT 721 3 0 8113 1545
28722 PRECHARGE 719 2 1 6212 1836
28726 ROWACT 719 2 1 6212 1836
28736 READ 719 2 1 6212 1836
28754 READ 720 3 3 8191 2047
28766 PRECHARGE 721 3 0 8113 1545
28770 ROWACT 721 3 0 8113 1545
28780 READ 721 3 0 8113 1545
28816 BANKCONFLICT 725 2 3 6820 902
28796 READ 722 3 3 8191 2047
28824 WRITE 723 3 3 8191 2047
28858 BANKCONFLICT 726 3 3 2754 1646
28858 BANKCONFLICT 726 3 3 2754 1646
28860 BANKCONFLICT 727 2 1 6451 1883
28818 PRECHARGE 725 2 3 6820 902
28822 ROWACT 725 2 3 6820 902
28832 READ 725 2 3 6820 902
28860 WRITE 724 3 3 8191 2047
28862 PRECHARGE 727 2 1 6451 1883
28866 ROWACT 727 2 1 6451 1883
28876 READ 727 2 1 6451 1883
28926 BANKCONFLICT 728 3 0 7672 1197
28878 PRECHARGE 726 3 3 2754 1646
28882 ROWACT 726 3 3 2754 1646
28894 READ 726 3 3 2754 1646
28928 PRECHARGE 728 3 0 7672 1197
28932 ROWACT 728 3 0 7672 1197
28942 READ 728 3 0 7672 1197
28990 BANKCONFLICT 729 3 1 1199 361
28992 BANKCONFLICT 730 3 3 8191 2047
29008 BANKCONFLICT 731 0 1 7923 1133
29010 BANKCONFLICT 732 2 2 2335 1281
28992 PRECHARGE 729 3 1 1199 361
28996 ROWACT 729 3 1 1199 361
29006 READ 729 3 1 1199 361
29048 BANKCONFLICT 734 2 2 270 1915
28994 PRECHARGE 730 3 3 8191 2047
28998 ROWACT 730 3 3 8191 2047
29022 READ 730 3 3 8191 2047
29066 BANKCONFLICT 737 2 1 7191 706
29038 READ 733 3 3 8191 2047
29010 PRECHARGE 731 0 1 7923 1133
29014 ROWACT 731 0 1 7923 1133
29056 READ 731 0 1 7923 1133
29012 PRECHARGE 732 2 2 2335 1281
29016 ROWACT 732 2 2 2335 1281
29074 READ 732 2 2 2335 1281
29092 READ 735 3 3 8191 2047
29108 READ 736 3 3 8191 2047
29146 BANKCONFLICT 739 1 3 4653 1500
29124 READ 738 3 3 8191 2047
29098 PRECHARGE 734 2 2 270 1915
29102 ROWACT 734 2 2 270 1915
29142 READ 734 2 2 270 1915
29148 PRECHARGE 739 1 3 4653 1500
29152 ROWACT 739 1 3 4653 1500
29162 READ 739 1 3 4653 1500
29068 PRECHARGE 737 2 1 7191 706
29072 ROWACT 737 2 1 7191 706
29190 WRITE 737 2 1 7191 706
29206 WRITE 740 3 3 8191 2047
29277 BANKCONFLICT 742 0 3 2827 1074
29271 READ 741 3 3 8191 2047
29279 PRECHARGE 742 0 3 2827 1074
29283 ROWACT 742 0 3 2827 1074
29293 READ 742 0 3 2827 1074
29392 BANKCONFLICT 743 2 1 5370 1024
29408 BANKCONFLICT 744 2 0 4163 510
29394 PRECHARGE 743 2 1 5370 1024
29398 ROWACT 743 2 1 5370 1024
29408 WRITE 743 2 1 5370 1024
29410 PRECHARGE 744 2 0 4163 510
29414 ROWACT 744 2 0 4163 510
29424 WRITE 744 2 0 4163 510
29510 BANKCONFLICT 745 1 0 1740 1744
29512 BANKCONFLICT 746 1 3 4048 993
29552 BANKCONFLICT 747 2 3 6237 1380
29512 PRECHARGE 745 1 0 1740 1744
29516 ROWACT 745 1 0 1740 1744
29526 READ 745 1 0 1740 1744
29514 PRECHARGE 746 1 3 4048 993
29518 ROWACT 746 1 3 4048 993
29542 READ 746 1 3 4048 993
29596 BANKCONFLICT 748 1 1 4632 1277
29554 PRECHARGE 747 2 3 6237 1380
29558 ROWACT 747 2 3 6237 1380
29568 READ 747 2 3 6237 1380
29612 BANKCONFLICT 750 2 2 498 571
29626 BANKCONFLICT 752 3 0 3189 814
29600 READ 749 3 3 8191 2047
29616 READ 751 3 3 8191 2047
29598 PRECHARGE 748 1 1 4632 1277
29602 ROWACT 748 1 1 4632 1277
29634 READ 748 1 1 4632 1277
29614 PRECHARGE 750 2 2 498 571
29618 ROWACT 750 2 2 498 571
29652 READ 750 2 2 498 571
29698 BANKCONFLICT 753 0 1 579 54
29628 PRECHARGE 752 3 0 3189 814
29632 ROWACT 752 3 0 3189 814
29670 READ 752 3 0 3189 814
29700 PRECHARGE 753 0 1 579 54
29704 ROWACT 753 0 1 579 54
29714 READ 753 0 1 579 54
29915 BANKCONFLICT 754 3 3 5986 772
29941 BANKCONFLICT 755 2 1 1272 806
29917 PRECHARGE 754 3 3 5986 772
29921 ROWACT 754 3 3 5986 772
29931 READ 754 3 3 5986 772
29943 PRECHARGE 755 2 1 1272 806
29947 ROWACT 755 2 1 1272 806
29957 READ 755 2 1 1272 806
30043 ROWACT 756 3 3 8191 2047
30053 READ 756 3 3 8191 2047
30069 READ 757 3 3 8191 2047
30137 ROWACT 758 0 0 3621 1631
30147 READ 758 0 0 3621 1631
30165 READ 760 3 3 8191 2047
30193 WRITE 759 3 3 8191 2047
30215 READ 761 3 3 8191 2047
30286 BANKCONFLICT 764 3 3 8112 1408
30286 BANKCONFLICT 764 3 3 8112 1408
30288 BANKCONFLICT 765 0 0 1994 1912
30272 READ 762 3 3 8191 2047
30320 BANKCONFLICT 766 3 3 8191 2047
30286 ROWACT 763 3 0 154 304
30296 READ 763 3 0 154 304
30298 PRECHARGE 764 3 3 8112 1408
30302 ROWACT 764 3 3 8112 1408
30312 READ 764 3 3 8112 1408
30290 PRECHARGE 765 0 0 1994 1912
30294 ROWACT 765 0 0 1994 1912
30330 READ 765 0 0 1994 1912
30336 PRECHARGE 766 3 3 8191 2047
30340 ROWACT 766 3 3 8191 2047
30350 READ 766 3 3 8191 2047
30386 READ 768 3 3 8191 2047
30402 READ 769 3 3 8191 2047
30382 ROWACT 767 1 1 1230 1111
30420 READ 767 1 1 1230 1111
30507 ROWACT 770 3 1 2701 1563
30517 READ 770 3 1 2701 1563
30533 READ 772 3 3 8191 2047
30515 ROWACT 771 1 0 699 1103
30551 READ 771 1 0 699 1103
30549 ROWACT 773 0 3 1983 261
30569 READ 773 0 3 1983 261
30553 ROWACT 774 2 2 2010 1947
30587 READ 774 2 2 2010 1947
30657 BANKCONFLICT 776 2 2 3403 936
30619 ROWACT 775 0 1 7565 403
30629 READ 775 0 1 7565 403
30703 BANKCONFLICT 779 0 1 806 1977
30669 READ 777 3 3 8191 2047
30659 PRECHARGE 776 2 2 3403 936
30663 ROWACT 776 2 2 3403 936
30687 READ 776 2 2 3403 936
30705 READ 778 3 3 8191 2047
30707 PRECHARGE 779 0 1 806 1977
30711 ROWACT 779 0 1 806 1977
30733 WRITE 779 0 1 806 1977
30782 READ 780 3 3 8191 2047
30810 WRITE 781 3 3 8191 2047
30864 READ 782 3 3 8191 2047
30896 ROWACT 783 2 0 942 1951
30906 READ 783 2 0 942 1951
30936 READ 784 3 3 8191 2047
31038 BANKCONFLICT 785 0 1 5272 1514
31074 BANKCONFLICT 788 3 0 6004 1920
31052 WRITE 786 3 3 8191 2047
31040 PRECHARGE 785 0 1 5272 1514
31044 ROWACT 785 0 1 5272 1514
31060 READ 785 0 1 5272 1514
31078 READ 787 3 3 8191 2047
31076 PRECHARGE 788 3 0 6004 1920
31080 ROWACT 788 3 0 6004 1920
31094 READ 788 3 0 6004 1920
31206 BANKCONFLICT 790 1 0 6420 1351
31174 READ 789 3 3 8191 2047
31210 ROWACT 791 0 2 4070 210
31220 READ 791 0 2 4070 210
31208 PRECHARGE 790 1 0 6420 1351
31212 ROWACT 790 1 0 6420 1351
31248 WRITE 790 1 0 6420 1351
31264 WRITE 792 3 3 8191 2047
31284 READ 793 3 3 8191 2047
31280 ROWACT 794 1 2 859 966
31312 WRITE 794 1 2 859 966
31328 WRITE 795 3 3 8191 2047
31360 BANKCONFLICT 796 2 2 5366 1749
31362 PRECHARGE 796 2 2 5366 1749
31366 ROWACT 796 2 2 5366 1749
31376 READ 796 2 2 5366 1749
31404 WRITE 797 3 3 8191 2047
31456 BANKCONFLICT 799 1 1 6439 1766
31438 WRITE 798 3 3 8191 2047
31458 PRECHARGE 799 1 1 6439 1766
31462 ROWACT 799 1 1 6439 1766
31472 READ 799 1 1 6439 1766
31528 BANKCONFLICT 800 2 0 5771 175
31560 BANKCONFLICT 801 2 2 5407 128
31530 PRECHARGE 800 2 0 5771 175
31534 ROWACT 800 2 0 5771 175
31544 READ 800 2 0 5771 175
31562 PRECHARGE 801 2 2 5407 128
31566 ROWACT 801 2 2 5407 128
31576 READ 801 2 2 5407 128
31612 BANKCONFLICT 803 2 0 554 1450
31594 READ 802 3 3 8191 2047
31616 READ 804 3 3 8191 2047
31658 BANKCONFLICT 806 2 2 411 946
31614 PRECHARGE 803 2 0 554 1450
31618 ROWACT 803 2 0 554 1450
31634 READ 803 2 0 554 1450
31662 WRITE 805 3 3 8191 2047
31660 PRECHARGE 806 2 2 411 946
31664 ROWACT 806 2 2 411 946
31674 READ 806 2 2 411 946
31692 READ 807 3 3 8191 2047
31809 ROWACT 808 1 3 7755 957
31819 READ 808 1 3 7755 957
31853 READ 809 3 3 8191 2047
31881 READ 810 3 3 8191 2047
31999 READ 811 3 3 8191 2047
32017 READ 812 3 3 8191 2047
32076 BANKCONFLICT 813 0 2 3164 1570
32102 BANKCONFLICT 814 0 0 7184 199
32116 BANKCONFLICT 815 3 0 4677 587
32078 PRECHARGE 813 0 2 3164 1570
32082 ROWACT 813 0 2 3164 1570
32092 READ 813 0 2 3164 1570
32104 PRECHARGE 814 0 0 7184 199
32108 ROWACT 814 0 0 7184 199
32118 READ 814 0 0 7184 199
32170 BANKCONFLICT 816 1 0 2012 1084
32120 PRECHARGE 815 3 0 4677 587
32124 ROWACT 815 3 0 4677 587
32136 READ 815 3 0 4677 587
32174 READ 817 3 3 8191 2047
32172 PRECHARGE 816 1 0 2012 1084
32176 ROWACT 816 1 0 2012 1084
32192 READ 816 1 0 2012 1084
32228 BANKCONFLICT 819 1 1 3909 1555
32220 WRITE 818 3 3 8191 2047
32248 BANKCONFLICT 820 3 1 3011 1771
32230 PRECHARGE 819 1 1 3909 1555
32234 ROWACT 819 1 1 3909 1555
32244 READ 819 1 1 3909 1555
32262 READ 821 3 3 8191 2047
32312 BANKCONFLICT 822 2 0 1114 1593
32250 PRECHARGE 820 3 1 3011 1771
32254 ROWACT 820 3 1 3011 1771
32278 READ 820 3 1 3011 1771
32314 PRECHARGE 822 2 0 1114 1593
32318 ROWACT 822 2 0 1114 1593
32328 READ 822 2 0 1114 1593
32320 ROWACT 823 3 2 4435 5
32346 READ 823 3 2 4435 5
32378 READ 824 3 3 8191 2047
32408 READ 825 3 3 8191 2047
32428 READ 826 3 3 8191 2047
32482 WRITE 827 3 3 8191 2047
32559 BANKCONFLICT 828 2 0 2365 1942
32607 BANKCONFLICT 829 1 2 2296 205
32561 PRECHARGE 828 2 0 2365 1942
32565 ROWACT 828 2 0 2365 1942
32575 READ 828 2 0 2365 1942
32609 PRECHARGE 829 1 2 2296 205
32613 ROWACT 829 1 2 2296 205
32623 WRITE 829 1 2 2296 205
32653 BANKCONFLICT 830 0 2 2457 1000
32685 BANKCONFLICT 833 3 0 4590 110
32661 WRITE 831 3 3 8191 2047
32655 PRECHARGE 830 0 2 2457 1000
32659 ROWACT 830 0 2 2457 1000
32669 READ 830 0 2 2457 1000
32687 READ 832 3 3 8191 2047
32689 PRECHARGE 833 3 0 4590 110
32693 ROWACT 833 3 0 4590 110
32703 READ 833 3 0 4590 110
32719 READ 834 3 3 8191 2047
32822 BANKCONFLICT 836 3 0 7838 244
32820 ROWACT 835 2 1 6377 1987
32830 READ 835 2 1 6377 1987
32824 PRECHARGE 836 3 0 7838 244
32828 ROWACT 836 3 0 7838 244
32848 READ 836 3 0 7838 244
32864 READ 837 3 3 8191 2047
32880 READ 838 3 3 8191 2047
32896 READ 839 3 3 8191 2047
32934 BANKCONFLICT 843 0 2 7442 72
32912 READ 840 3 3 8191 2047
32928 READ 841 3 3 8191 2047
32936 PRECHARGE 843 0 2 7442 72
32940 ROWACT 843 0 2 7442 72
32950 READ 843 0 2 7442 72
33002 BANKCONFLICT 845 2 2 601 532
32968 READ 844 3 3 8191 2047
32996 WRITE 842 3 3 8191 2047
33004 PRECHARGE 845 2 2 601 532
33008 ROWACT 845 2 2 601 532
33018 READ 845 2 2 601 532
33075 BANKCONFLICT 846 3 0 6376 1098
33091 BANKCONFLICT 847 0 3 5953 1418
33113 BANKCONFLICT 848 0 0 5588 1595
33077 PRECHARGE 846 3 0 6376 1098
33081 ROWACT 846 3 0 6376 1098
33091 WRITE 846 3 0 6376 1098
33093 PRECHARGE 847 0 3 5953 1418
33097 ROWACT 847 0 3 5953 1418
33107 READ 847 0 3 5953 1418
33115 PRECHARGE 848 0 0 5588 1595
33119 ROWACT 848 0 0 5588 1595
33129 READ 848 0 0 5588 1595
33177 BANKCONFLICT 850 0 1 5022 939
33169 WRITE 849 3 3 8191 2047
33199 BANKCONFLICT 851 3 0 7879 389
33219 BANKCONFLICT 852 1 1 7361 1642
33225 BANKCONFLICT 853 1 3 7443 1988
33179 PRECHARGE 850 0 1 5022 939
33183 ROWACT 850 0 1 5022 939
33193 READ 850 0 1 5022 939
33201 PRECHARGE 851 3 0 7879 389
33205 ROWACT 851 3 0 7879 389
33221 WRITE 851 3 0 7879 389
33223 PRECHARGE 852 1 1 7361 1642
33227 ROWACT 852 1 1 7361 1642
33237 READ 852 1 1 7361 1642
33229 PRECHARGE 853 1 3 7443 1988
33233 ROWACT 853 1 3 7443 1988
33253 READ 853 1 3 7443 1988
33291 BANKCONFLICT 854 0 1 1954 332
33295 READ 855 3 3 8191 2047
33293 PRECHARGE 854 0 1 1954 332
33297 ROWACT 854 0 1 1954 332
33313 READ 854 0 1 1954 332
33369 BANKCONFLICT 858 1 3 7524 331
33357 READ 856 3 3 8191 2047
33393 BANKCONFLICT 859 1 3 3520 592
33367 ROWACT 857 2 3 7153 337
33377 READ 857 2 3 7153 337
33371 PRECHARGE 858 1 3 7524 331
33375 ROWACT 858 1 3 7524 331
33405 WRITE 858 1 3 7524 331
33423 PRECHARGE 859 1 3 3520 592
33427 ROWACT 859 1 3 3520 592
33437 READ 859 1 3 3520 592
33538 READ 860 3 3 8191 2047
33570 READ 861 3 3 8191 2047
33633 READ 862 3 3 8191 2047
33772 READ 863 3 3 8191 2047
33893 BANKCONFLICT 864 2 0 539 1158
33897 READ 865 3 3 8191 2047
33895 PRECHARGE 864 2 0 539 1158
33899 ROWACT 864 2 0 539 1158
33915 READ 864 2 0 539 1158
33961 BANKCONFLICT 867 1 0 6522 2010
33955 READ 866 3 3 8191 2047
34001 BANKCONFLICT 868 3 3 4374 1476
33963 PRECHARGE 867 1 0 6522 2010
33967 ROWACT 867 1 0 6522 2010
33977 READ 867 1 0 6522 2010
34021 BANKCONFLICT 869 3 3 8191 2047
34003 PRECHARGE 868 3 3 4374 1476
34007 ROWACT 868 3 3 4374 1476
34017 READ 868 3 3 4374 1476
34089 BANKCONFLICT 870 1 1 2292 2009
34041 PRECHARGE 869 3 3 8191 2047
34045 ROWACT 869 3 3 8191 2047
34055 READ 869 3 3 8191 2047
34091 PRECHARGE 870 1 1 2292 2009
34095 ROWACT 870 1 1 2292 2009
34105 READ 870 1 1 2292 2009
34158 BANKCONFLICT 871 1 3 6620 609
34160 PRECHARGE 871 1 3 6620 609
34164 ROWACT 871 1 3 6620 609
34174 WRITE 871 1 3 6620 609
34206 BANKCONFLICT 872 0 0 6101 1445
34208 PRECHARGE 872 0 0 6101 1445
34212 ROWACT 872 0 0 6101 1445
34222 READ 872 0 0 6101 1445
34264 READ 873 3 3 8191 2047
34361 BANKCONFLICT 875 1 2 5771 243
34343 WRITE 874 3 3 8191 2047
34399 BANKCONFLICT 876 0 2 753 1480
34363 PRECHARGE 875 1 2 5771 243
34367 ROWACT 875 1 2 5771 243
34377 READ 875 1 2 5771 243
34409 WRITE 877 3 3 8191 2047
34401 PRECHARGE 876 0 2 753 1480
34405 ROWACT 876 0 2 753 1480
34417 READ 876 0 2 753 1480
34445 WRITE 878 3 3 8191 2047
34516 BANKCONFLICT 880 2 3 5698 1491
34522 BANKCONFLICT 881 2 1 2411 782
34488 READ 879 3 3 8191 2047
34524 BANKCONFLICT 882 2 2 5880 614
34542 BANKCONFLICT 883 0 2 8094 1909
34518 PRECHARGE 880 2 3 5698 1491
34522 ROWACT 880 2 3 5698 1491
34532 READ 880 2 3 5698 1491
34580 BANKCONFLICT 885 3 2 5634 1292
34524 PRECHARGE 881 2 1 2411 782
34528 ROWACT 881 2 1 2411 782
34548 READ 881 2 1 2411 782
34526 PRECHARGE 882 2 2 5880 614
34530 ROWACT 882 2 2 5880 614
34564 READ 882 2 2 5880 614
34600 BANKCONFLICT 886 0 3 6302 1408
34608 BANKCONFLICT 887 2 3 2702 943
34616 BANKCONFLICT 888 1 2 6892 1177
34544 PRECHARGE 883 0 2 8094 1909
34550 ROWACT 883 0 2 8094 1909
34582 READ 883 0 2 8094 1909
34600 READ 884 3 3 8191 2047
34602 PRECHARGE 886 0 3 6302 1408
34606 ROWACT 886 0 3 6302 1408
34618 READ 886 0 3 6302 1408
34610 PRECHARGE 887 2 3 2702 943
34614 ROWACT 887 2 3 2702 943
34636 READ 887 2 3 2702 943
34620 PRECHARGE 888 1 2 6892 1177
34624 ROWACT 888 1 2 6892 1177
34654 READ 888 1 2 6892 1177
34700 BANKCONFLICT 890 0 1 4384 1870
34584 PRECHARGE 885 3 2 5634 1292
34588 ROWACT 885 3 2 5634 1292
34682 WRITE 885 3 2 5634 1292
34730 BANKCONFLICT 891 3 2 6601 1260
34702 READ 889 3 3 8191 2047
34704 PRECHARGE 890 0 1 4384 1870
34708 ROWACT 890 0 1 4384 1870
34720 READ 890 0 1 4384 1870
34732 PRECHARGE 891 3 2 6601 1260
34736 ROWACT 891 3 2 6601 1260
34746 READ 891 3 2 6601 1260
34782 READ 892 3 3 8191 2047
34830 BANKCONFLICT 893 0 0 2562 1589
34832 PRECHARGE 893 0 0 2562 1589
34836 ROWACT 893 0 0 2562 1589
34846 WRITE 893 0 0 2562 1589
34890 BANKCONFLICT 895 0 0 3461 726
34884 READ 894 3 3 8191 2047
34892 PRECHARGE 895 0 0 3461 726
34896 ROWACT 895 0 0 3461 726
34906 READ 895 0 0 3461 726
34954 WRITE 896 3 3 8191 2047
35052 BANKCONFLICT 897 1 1 5664 1094
35078 BANKCONFLICT 899 2 2 1548 1135
35080 BANKCONFLICT 900 2 1 263 106
35066 READ 898 3 3 8191 2047
35102 BANKCONFLICT 901 3 2 700 1773
35054 PRECHARGE 897 1 1 5664 1094
35058 ROWACT 897 1 1 5664 1094
35084 READ 897 1 1 5664 1094
35124 BANKCONFLICT 902 0 0 425 1983
35080 PRECHARGE 899 2 2 1548 1135
35086 ROWACT 899 2 2 1548 1135
35102 READ 899 2 2 1548 1135
35082 PRECHARGE 900 2 1 263 106
35088 ROWACT 900 2 1 263 106
35118 READ 900 2 1 263 106
35104 PRECHARGE 901 3 2 700 1773
35108 ROWACT 901 3 2 700 1773
35146 WRITE 901 3 2 700 1773
35126 PRECHARGE 902 0 0 425 1983
35130 ROWACT 902 0 0 425 1983
35162 WRITE 902 0 0 425 1983
35196 BANKCONFLICT 903 0 3 7318 326
35198 PRECHARGE 903 0 3 7318 326
35202 ROWACT 903 0 3 7318 326
35212 WRITE 903 0 3 7318 326
35230 READ 904 3 3 8191 2047
35313 BANKCONFLICT 906 0 2 566 934
35299 READ 905 3 3 8191 2047
35315 PRECHARGE 906 0 2 566 934
35319 ROWACT 906 0 2 566 934
35329 READ 906 0 2 566 934
35412 BANKCONFLICT 907 0 2 4993 1653
35414 PRECHARGE 907 0 2 4993 1653
35418 ROWACT 907 0 2 4993 1653
35428 WRITE 907 0 2 4993 1653
35456 BANKCONFLICT 908 0 0 2470 2006
35482 BANKCONFLICT 910 0 0 3321 116
35488 BANKCONFLICT 911 2 0 7548 1160
35458 PRECHARGE 908 0 0 2470 2006
35462 ROWACT 908 0 0 2470 2006
35472 READ 908 0 0 2470 2006
35490 READ 909 3 3 8191 2047
35492 PRECHARGE 911 2 0 7548 1160
35498 ROWACT 911 2 0 7548 1160
35508 READ 911 2 0 7548 1160
35552 BANKCONFLICT 912 0 2 3059 30
35554 BANKCONFLICT 913 2 3 7339 1524
35496 PRECHARGE 910 0 0 3321 116
35500 ROWACT 910 0 0 3321 116
35526 READ 910 0 0 3321 116
35564 BANKCONFLICT 914 2 3 7162 1969
35554 PRECHARGE 912 0 2 3059 30
35558 ROWACT 912 0 2 3059 30
35568 READ 912 0 2 3059 30
35586 READ 915 3 3 8191 2047
35556 PRECHARGE 913 2 3 7339 1524
35560 ROWACT 913 2 3 7339 1524
35614 WRITE 913 2 3 7339 1524
35640 READ 916 3 3 8191 2047
35690 BANKCONFLICT 919 2 2 4391 371
35632 PRECHARGE 914 2 3 7162 1969
35636 ROWACT 914 2 3 7162 1969
35658 READ 914 2 3 7162 1969
35686 WRITE 917 3 3 8191 2047
35706 READ 918 3 3 8191 2047
35692 PRECHARGE 919 2 2 4391 371
35696 ROWACT 919 2 2 4391 371
35724 READ 919 2 2 4391 371
35878 BANKCONFLICT 920 2 2 4556 1592
35906 BANKCONFLICT 921 3 3 1488 2019
35880 PRECHARGE 920 2 2 4556 1592
35884 ROWACT 920 2 2 4556 1592
35894 WRITE 920 2 2 4556 1592
35908 PRECHARGE 921 3 3 1488 2019
35912 ROWACT 921 3 3 1488 2019
35922 READ 921 3 3 1488 2019
36017 BANKCONFLICT 922 2 3 2665 808
36019 PRECHARGE 922 2 3 2665 808
36023 ROWACT 922 2 3 2665 808
36033 READ 922 2 3 2665 808
36082 BANKCONFLICT 923 3 3 8191 2047
36084 PRECHARGE 923 3 3 8191 2047
36088 ROWACT 923 3 3 8191 2047
36098 READ 923 3 3 8191 2047
36177 BANKCONFLICT 924 1 0 2581 1836
36179 PRECHARGE 924 1 0 2581 1836
36183 ROWACT 924 1 0 2581 1836
36193 READ 924 1 0 2581 1836
36233 WRITE 925 3 3 8191 2047
36261 BANKCONFLICT 926 1 1 7366 914
36265 READ 927 3 3 8191 2047
36263 PRECHARGE 926 1 1 7366 914
36267 ROWACT 926 1 1 7366 914
36293 WRITE 926 1 1 7366 914
36345 BANKCONFLICT 929 1 3 1575 322
36317 READ 928 3 3 8191 2047
36355 READ 930 3 3 8191 2047
36347 PRECHARGE 929 1 3 1575 322
36351 ROWACT 929 1 3 1575 322
36383 WRITE 929 1 3 1575 322
36415 BANKCONFLICT 931 2 0 6041 991
36435 BANKCONFLICT 932 2 0 4736 383
36455 BANKCONFLICT 933 0 2 3732 1774
36417 PRECHARGE 931 2 0 6041 991
36421 ROWACT 931 2 0 6041 991
36431 READ 931 2 0 6041 991
36455 PRECHARGE 932 2 0 4736 383
36459 ROWACT 932 2 0 4736 383
36469 WRITE 932 2 0 4736 383
36507 BANKCONFLICT 935 2 2 7870 533
36457 PRECHARGE 933 0 2 3732 1774
36461 ROWACT 933 0 2 3732 1774
36485 WRITE 933 0 2 3732 1774
36521 BANKCONFLICT 936 1 2 7794 973
36505 READ 934 3 3 8191 2047
36509 PRECHARGE 935 2 2 7870 533
36513 ROWACT 935 2 2 7870 533
36523 READ 935 2 2 7870 533
36575 BANKCONFLICT 938 3 0 4670 1531
36525 PRECHARGE 936 1 2 7794 973
36529 ROWACT 936 1 2 7794 973
36541 READ 936 1 2 7794 973
36569 WRITE 937 3 3 8191 2047
36589 READ 939 3 3 8191 2047
36577 PRECHARGE 938 3 0 4670 1531
36581 ROWACT 938 3 0 4670 1531
36605 READ 938 3 0 4670 1531
36711 BANKCONFLICT 940 3 2 6130 974
36719 WRITE 941 3 3 8191 2047
36747 BANKCONFLICT 943 0 3 3807 1746
36735 WRITE 942 3 3 8191 2047
36713 PRECHARGE 940 3 2 6130 974
36717 ROWACT 940 3 2 6130 974
36755 READ 940 3 2 6130 974
36749 PRECHARGE 943 0 3 3807 1746
36753 ROWACT 943 0 3 3807 1746
36783 WRITE 943 0 3 3807 1746
36971 BANKCONFLICT 945 2 1 633 937
36945 WRITE 944 3 3 8191 2047
37019 BANKCONFLICT 948 3 2 4199 965
36973 PRECHARGE 945 2 1 633 937
36977 ROWACT 945 2 1 633 937
36987 READ 945 2 1 633 937
37031 BANKCONFLICT 949 1 0 7140 26
37015 WRITE 946 3 3 8191 2047
37063 BANKCONFLICT 950 1 3 5851 1974
37035 READ 947 3 3 8191 2047
37021 PRECHARGE 948 3 2 4199 965
37025 ROWACT 948 3 2 4199 965
37051 READ 948 3 2 4199 965
37033 PRECHARGE 949 1 0 7140 26
37037 ROWACT 949 1 0 7140 26
37069 READ 949 1 0 7140 26
37065 PRECHARGE 950 1 3 5851 1974
37071 ROWACT 950 1 3 5851 1974
37085 READ 950 1 3 5851 1974
37103 READ 951 3 3 8191 2047
37119 READ 952 3 3 8191 2047
37246 BANKCONFLICT 953 0 0 1497 1622
37256 READ 954 3 3 8191 2047
37272 READ 955 3 3 8191 2047
37312 BANKCONFLICT 958 1 2 3953 1969
37248 PRECHARGE 953 0 0 1497 1622
37252 ROWACT 953 0 0 1497 1622
37290 READ 953 0 0 1497 1622
37308 READ 956 3 3 8191 2047
37324 READ 957 3 3 8191 2047
37366 BANKCONFLICT 959 3 1 8026 500
37370 BANKCONFLICT 960 0 3 1308 1985
37314 PRECHARGE 958 1 2 3953 1969
37318 ROWACT 958 1 2 3953 1969
37352 WRITE 958 1 2 3953 1969
37396 BANKCONFLICT 961 2 3 763 762
37368 PRECHARGE 959 3 1 8026 500
37372 ROWACT 959 3 1 8026 500
37382 WRITE 959 3 1 8026 500
37374 PRECHARGE 960 0 3 1308 1985
37378 ROWACT 960 0 3 1308 1985
37390 READ 960 0 3 1308 1985
37398 PRECHARGE 961 2 3 763 762
37402 ROWACT 961 2 3 763 762
37412 READ 961 2 3 763 762
37534 BANKCONFLICT 962 0 0 3545 346
37536 PRECHARGE 962 0 0 3545 346
37540 ROWACT 962 0 0 3545 346
37550 READ 962 0 0 3545 346
37613 READ 963 3 3 8191 2047
37702 BANKCONFLICT 964 1 0 4000 206
37704 PRECHARGE 964 1 0 4000 206
37708 ROWACT 964 1 0 4000 206
37718 READ 964 1 0 4000 206
37748 READ 965 3 3 8191 2047
37918 BANKCONFLICT 966 3 3 2993 615
37926 BANKCONFLICT 967 3 3 8191 2047
37920 PRECHARGE 966 3 3 2993 615
37924 ROWACT 966 3 3 2993 615
37934 READ 966 3 3 2993 615
37958 PRECHARGE 967 3 3 8191 2047
37962 ROWACT 967 3 3 8191 2047
37972 READ 967 3 3 8191 2047
38027 BANKCONFLICT 968 0 0 2139 1278
38029 BANKCONFLICT 969 1 3 5662 1528
38055 BANKCONFLICT 970 3 2 5250 1060
38029 PRECHARGE 968 0 0 2139 1278
38033 ROWACT 968 0 0 2139 1278
38043 READ 968 0 0 2139 1278
38031 PRECHARGE 969 1 3 5662 1528
38035 ROWACT 969 1 3 5662 1528
38061 READ 969 1 3 5662 1528
38057 PRECHARGE 970 3 2 5250 1060
38063 ROWACT 970 3 2 5250 1060
38079 READ 970 3 2 5250 1060
38097 READ 972 3 3 8191 2047
38125 WRITE 971 3 3 8191 2047
38153 BANKCONFLICT 975 1 0 4289 245
38169 BANKCONFLICT 976 0 1 6919 890
38145 READ 973 3 3 8191 2047
38161 READ 974 3 3 8191 2047
38155 PRECHARGE 975 1 0 4289 245
38159 ROWACT 975 1 0 4289 245
38179 READ 975 1 0 4289 245
38171 PRECHARGE 976 0 1 6919 890
38175 ROWACT 976 0 1 6919 890
38197 READ 976 0 1 6919 890
38251 BANKCONFLICT 978 1 2 7392 1269
38227 WRITE 977 3 3 8191 2047
38253 PRECHARGE 978 1 2 7392 1269
38257 ROWACT 978 1 2 7392 1269
38267 READ 978 1 2 7392 1269
38309 BANKCONFLICT 981 2 1 7213 203
38285 READ 979 3 3 8191 2047
38335 BANKCONFLICT 982 2 3 4401 1595
38341 BANKCONFLICT 983 2 1 3080 1091
38309 READ 980 3 3 8191 2047
38311 PRECHARGE 981 2 1 7213 203
38315 ROWACT 981 2 1 7213 203
38327 READ 981 2 1 7213 203
38337 PRECHARGE 982 2 3 4401 1595
38341 ROWACT 982 2 3 4401 1595
38355 WRITE 982 2 3 4401 1595
38403 BANKCONFLICT 984 2 0 6074 560
38351 PRECHARGE 983 2 1 3080 1091
38357 ROWACT 983 2 1 3080 1091
38375 READ 983 2 1 3080 1091
38405 PRECHARGE 984 2 0 6074 560
38409 ROWACT 984 2 0 6074 560
38419 WRITE 984 2 0 6074 560
38445 READ 985 3 3 8191 2047
38463 READ 986 3 3 8191 2047
38495 WRITE 987 3 3 8191 2047
38590 BANKCONFLICT 989 2 3 6202 805
38570 WRITE 988 3 3 8191 2047
38592 PRECHARGE 989 2 3 6202 805
38596 ROWACT 989 2 3 6202 805
38606 READ 989 2 3 6202 805
38698 BANKCONFLICT 990 0 1 1775 305
38700 PRECHARGE 990 0 1 1775 305
38704 ROWACT 990 0 1 1775 305
38714 READ 990 0 1 1775 305
38842 READ 991 3 3 8191 2047
38946 BANKCONFLICT 993 3 0 3792 615
38932 WRITE 992 3 3 8191 2047
38948 PRECHARGE 993 3 0 3792 615
38952 ROWACT 993 3 0 3792 615
38962 READ 993 3 0 3792 615
39026 READ 994 3 3 8191 2047
39073 BANKCONFLICT 995 3 0 7402 1033
39095 BANKCONFLICT 996 0 3 6227 737
39075 PRECHARGE 995 3 0 7402 1033
39079 ROWACT 995 3 0 7402 1033
39089 READ 995 3 0 7402 1033
39097 PRECHARGE 996 0 3 6227 737
39101 ROWACT 996 0 3 6227 737
39111 READ 996 0 3 6227 737
39176 BANKCONFLICT 997 0 2 7725 951
39188 WRITE 998 3 3 8191 2047
39178 PRECHARGE 997 0 2 7725 951
39182 ROWACT 997 0 2 7725 951
39204 WRITE 997 0 2 7725 951
39246 BANKCONFLICT 999 2 3 2890 1448
39248 PRECHARGE 999 2 3 2890 1448
39252 ROWACT 999 2 3 2890 1448
39262 READ 999 2 3 2890 1448
39288 READ 1000 3 3 8191 2047
39333 BANKCONFLICT 1001 0 1 7699 957
39381 BANKCONFLICT 1002 0 1 6598 1944
39335 PRECHARGE 1001 0 1 7699 957
39339 ROWACT 1001 0 1 7699 957
39349 READ 1001 0 1 7699 957
39405 BANKCONFLICT 1004 1 0 5514 1426
39421 BANKCONFLICT 1005 1 1 5688 378
39391 READ 1003 3 3 8191 2047
39383 PRECHARGE 1002 0 1 6598 1944
39387 ROWACT 1002 0 1 6598 1944
39409 READ 1002 0 1 6598 1944
39451 BANKCONFLICT 1006 0 1 1853 1232
39407 PRECHARGE 1004 1 0 5514 1426
39411 ROWACT 1004 1 0 5514 1426
39427 READ 1004 1 0 5514 1426
39423 PRECHARGE 1005 1 1 5688 378
39429 ROWACT 1005 1 1 5688 378
39455 WRITE 1005 1 1 5688 378
39453 PRECHARGE 1006 0 1 1853 1232
39457 ROWACT 1006 0 1 1853 1232
39467 READ 1006 0 1 1853 1232
39552 READ 1007 3 3 8191 2047
39660 BANKCONFLICT 1009 2 3 2586 539
39638 READ 1008 3 3 8191 2047
39702 BANKCONFLICT 1010 1 3 8177 2014
39662 PRECHARGE 1009 2 3 2586 539
39666 ROWACT 1009 2 3 2586 539
39676 READ 1009 2 3 2586 539
39704 PRECHARGE 1010 1 3 8177 2014
39708 ROWACT 1010 1 3 8177 2014
39718 READ 1010 1 3 8177 2014
39779 BANKCONFLICT 1011 1 3 2580 70
39781 PRECHARGE 1011 1 3 2580 70
39785 ROWACT 1011 1 3 2580 70
39795 READ 1011 1 3 2580 70
39837 READ 1012 3 3 8191 2047
39911 BANKCONFLICT 1013 3 1 4216 441
39913 PRECHARGE 1013 3 1 4216 441
39917 ROWACT 1013 3 1 4216 441
39927 READ 1013 3 1 4216 441
39955 WRITE 1014 3 3 8191 2047
